# Filter 251: ESO WFI V filter nr.843 [added Feb.2011]
#  250 data points. Lines2387 to2636
   4.74000E+03   1.00000E-05
   4.78500E+03   1.10000E-04
   4.79000E+03   2.10000E-04
   4.79500E+03   3.50000E-04
   4.80000E+03   6.20000E-04
   4.80500E+03   1.07000E-03
   4.81000E+03   1.79000E-03
   4.81500E+03   2.89000E-03
   4.82000E+03   4.40000E-03
   4.82500E+03   6.46000E-03
   4.83000E+03   9.37000E-03
   4.83500E+03   1.33900E-02
   4.84000E+03   1.87000E-02
   4.84500E+03   2.56200E-02
   4.85000E+03   3.44300E-02
   4.85500E+03   4.49400E-02
   4.86000E+03   5.73900E-02
   4.86500E+03   7.18100E-02
   4.87000E+03   8.76700E-02
   4.87500E+03   1.05480E-01
   4.88000E+03   1.25010E-01
   4.88500E+03   1.45670E-01
   4.89000E+03   1.67280E-01
   4.89500E+03   1.89340E-01
   4.90000E+03   2.11670E-01
   4.90500E+03   2.34390E-01
   4.91000E+03   2.57400E-01
   4.91500E+03   2.80540E-01
   4.92000E+03   3.03510E-01
   4.92500E+03   3.26520E-01
   4.93000E+03   3.49400E-01
   4.93500E+03   3.72180E-01
   4.94000E+03   3.95090E-01
   4.94500E+03   4.18380E-01
   4.95000E+03   4.40690E-01
   4.95500E+03   4.62930E-01
   4.96000E+03   4.85130E-01
   4.96500E+03   5.07220E-01
   4.97000E+03   5.28970E-01
   4.97500E+03   5.50740E-01
   4.98000E+03   5.71800E-01
   4.98500E+03   5.92750E-01
   4.99000E+03   6.12580E-01
   4.99500E+03   6.31870E-01
   5.00000E+03   6.50300E-01
   5.00500E+03   6.68090E-01
   5.01000E+03   6.84610E-01
   5.01500E+03   6.99820E-01
   5.02000E+03   7.13660E-01
   5.02500E+03   7.26130E-01
   5.03000E+03   7.36900E-01
   5.03500E+03   7.45920E-01
   5.04000E+03   7.53290E-01
   5.04500E+03   7.59380E-01
   5.05000E+03   7.64800E-01
   5.05500E+03   7.68950E-01
   5.06000E+03   7.72040E-01
   5.06500E+03   7.73990E-01
   5.07000E+03   7.75500E-01
   5.07500E+03   7.75930E-01
   5.08000E+03   7.76220E-01
   5.09000E+03   7.76030E-01
   5.09500E+03   7.75880E-01
   5.10000E+03   7.76090E-01
   5.10500E+03   7.76490E-01
   5.11000E+03   7.77250E-01
   5.11500E+03   7.78340E-01
   5.12000E+03   7.80270E-01
   5.12500E+03   7.82420E-01
   5.13000E+03   7.85570E-01
   5.13500E+03   7.88610E-01
   5.14000E+03   7.93030E-01
   5.14500E+03   7.97110E-01
   5.15000E+03   8.01810E-01
   5.15500E+03   8.07250E-01
   5.16000E+03   8.12710E-01
   5.16500E+03   8.18650E-01
   5.17000E+03   8.24700E-01
   5.17500E+03   8.30700E-01
   5.18000E+03   8.36300E-01
   5.18500E+03   8.42070E-01
   5.19000E+03   8.47400E-01
   5.19500E+03   8.52400E-01
   5.20000E+03   8.56570E-01
   5.20500E+03   8.60590E-01
   5.21000E+03   8.63850E-01
   5.21500E+03   8.66220E-01
   5.22000E+03   8.68080E-01
   5.22500E+03   8.69300E-01
   5.23000E+03   8.69660E-01
   5.23500E+03   8.69350E-01
   5.24000E+03   8.68300E-01
   5.24500E+03   8.66520E-01
   5.25000E+03   8.64530E-01
   5.25500E+03   8.62170E-01
   5.26000E+03   8.59470E-01
   5.26500E+03   8.56120E-01
   5.27000E+03   8.52700E-01
   5.27500E+03   8.49020E-01
   5.28000E+03   8.45480E-01
   5.28500E+03   8.41660E-01
   5.29000E+03   8.37690E-01
   5.29500E+03   8.34030E-01
   5.30000E+03   8.30590E-01
   5.30500E+03   8.27380E-01
   5.31000E+03   8.24360E-01
   5.31500E+03   8.21690E-01
   5.32000E+03   8.19240E-01
   5.32500E+03   8.17100E-01
   5.33000E+03   8.15370E-01
   5.33500E+03   8.13910E-01
   5.34000E+03   8.12740E-01
   5.34500E+03   8.11940E-01
   5.35000E+03   8.11270E-01
   5.35500E+03   8.10910E-01
   5.36000E+03   8.10640E-01
   5.36500E+03   8.10290E-01
   5.37000E+03   8.10470E-01
   5.38000E+03   8.10740E-01
   5.39000E+03   8.11080E-01
   5.39500E+03   8.11330E-01
   5.40000E+03   8.11590E-01
   5.41000E+03   8.11420E-01
   5.41500E+03   8.11260E-01
   5.42000E+03   8.11050E-01
   5.42500E+03   8.10650E-01
   5.43000E+03   8.10270E-01
   5.43500E+03   8.09230E-01
   5.44000E+03   8.08510E-01
   5.44500E+03   8.07340E-01
   5.45000E+03   8.06230E-01
   5.45500E+03   8.04810E-01
   5.46000E+03   8.03320E-01
   5.46500E+03   8.01590E-01
   5.47000E+03   7.99930E-01
   5.47500E+03   7.97990E-01
   5.48000E+03   7.96060E-01
   5.48500E+03   7.93990E-01
   5.49000E+03   7.91350E-01
   5.49500E+03   7.88860E-01
   5.50000E+03   7.86030E-01
   5.50500E+03   7.83120E-01
   5.51000E+03   7.80070E-01
   5.51500E+03   7.76650E-01
   5.52000E+03   7.73340E-01
   5.52500E+03   7.69970E-01
   5.53000E+03   7.66360E-01
   5.53500E+03   7.62850E-01
   5.54000E+03   7.58820E-01
   5.54500E+03   7.55050E-01
   5.55000E+03   7.51260E-01
   5.55500E+03   7.47300E-01
   5.56000E+03   7.43240E-01
   5.56500E+03   7.39630E-01
   5.57000E+03   7.35310E-01
   5.57500E+03   7.31350E-01
   5.58000E+03   7.27090E-01
   5.58500E+03   7.22900E-01
   5.59000E+03   7.18880E-01
   5.59500E+03   7.14530E-01
   5.60000E+03   7.10410E-01
   5.60500E+03   7.06320E-01
   5.61000E+03   7.02120E-01
   5.61500E+03   6.97660E-01
   5.62000E+03   6.93290E-01
   5.62500E+03   6.88690E-01
   5.63000E+03   6.84270E-01
   5.63500E+03   6.79620E-01
   5.64000E+03   6.74610E-01
   5.64500E+03   6.69840E-01
   5.65000E+03   6.64660E-01
   5.65500E+03   6.59340E-01
   5.66000E+03   6.53930E-01
   5.66500E+03   6.48230E-01
   5.67000E+03   6.42630E-01
   5.67500E+03   6.36500E-01
   5.68000E+03   6.30600E-01
   5.68500E+03   6.24910E-01
   5.69000E+03   6.19240E-01
   5.69500E+03   6.13100E-01
   5.70000E+03   6.06580E-01
   5.70500E+03   5.99790E-01
   5.71000E+03   5.92760E-01
   5.71500E+03   5.85770E-01
   5.72000E+03   5.78870E-01
   5.72500E+03   5.71700E-01
   5.73000E+03   5.64680E-01
   5.73500E+03   5.57610E-01
   5.74000E+03   5.50510E-01
   5.74500E+03   5.43220E-01
   5.75000E+03   5.36100E-01
   5.75500E+03   5.29280E-01
   5.76000E+03   5.22210E-01
   5.76500E+03   5.15470E-01
   5.77000E+03   5.08690E-01
   5.77500E+03   5.02010E-01
   5.78000E+03   4.95500E-01
   5.78500E+03   4.88890E-01
   5.79000E+03   4.82670E-01
   5.79500E+03   4.76540E-01
   5.80000E+03   4.70640E-01
   5.80500E+03   4.64990E-01
   5.81000E+03   4.59790E-01
   5.81500E+03   4.55070E-01
   5.82000E+03   4.50760E-01
   5.82500E+03   4.46790E-01
   5.83000E+03   4.43370E-01
   5.83500E+03   4.40090E-01
   5.84000E+03   4.36900E-01
   5.84500E+03   4.33440E-01
   5.85000E+03   4.29020E-01
   5.85500E+03   4.22740E-01
   5.86000E+03   4.13590E-01
   5.86500E+03   4.00050E-01
   5.87000E+03   3.81330E-01
   5.87500E+03   3.56590E-01
   5.88000E+03   3.26150E-01
   5.88500E+03   2.90710E-01
   5.89000E+03   2.51540E-01
   5.89500E+03   2.12920E-01
   5.90000E+03   1.77720E-01
   5.90500E+03   1.46530E-01
   5.91000E+03   1.18600E-01
   5.91500E+03   9.34500E-02
   5.92000E+03   7.27500E-02
   5.92500E+03   5.61000E-02
   5.93000E+03   4.30200E-02
   5.93500E+03   3.29400E-02
   5.94000E+03   2.52400E-02
   5.94500E+03   1.94900E-02
   5.95000E+03   1.51500E-02
   5.95500E+03   1.17900E-02
   5.96000E+03   9.22000E-03
   5.96500E+03   7.22000E-03
   5.97000E+03   5.69000E-03
   5.97500E+03   4.54000E-03
   5.98000E+03   3.63000E-03
   5.98500E+03   2.92000E-03
   5.99000E+03   2.36000E-03
   5.99500E+03   1.92000E-03
   6.00000E+03   1.58000E-03
   6.00500E+03   1.29000E-03
   6.01000E+03   1.07000E-03
   6.01500E+03   8.80000E-04
   6.02000E+03   7.30000E-04
   6.03000E+03   5.00000E-04
   6.04000E+03   3.60000E-04
   6.05500E+03   2.20000E-04
   6.08000E+03   1.20000E-04
   7.99000E+03   1.00000E-05
