# Filter 101: H-ESO (via Mathias Schultheis).
#  557 data points. Lines 768 to1324
   1.35281E+04   6.27746E-05
   1.35355E+04   2.09259E-04
   1.35428E+04   3.55896E-04
   1.35501E+04   5.02716E-04
   1.35575E+04   6.49666E-04
   1.35648E+04   7.96799E-04
   1.35722E+04   9.44084E-04
   1.35796E+04   1.00000E-03
   1.35870E+04   1.00000E-03
   1.35943E+04   1.00000E-03
   1.36017E+04   1.00000E-03
   1.36091E+04   1.00000E-03
   1.36166E+04   1.00000E-03
   1.36240E+04   1.00000E-03
   1.36314E+04   1.00000E-03
   1.36388E+04   1.00000E-03
   1.36463E+04   1.00000E-03
   1.36537E+04   1.00000E-03
   1.36612E+04   1.00000E-03
   1.36687E+04   1.00000E-03
   1.36761E+04   1.00000E-03
   1.36836E+04   1.00000E-03
   1.36911E+04   1.00000E-03
   1.36986E+04   1.00000E-03
   1.37061E+04   1.00000E-03
   1.37137E+04   1.00000E-03
   1.37212E+04   1.00000E-03
   1.37287E+04   1.07443E-03
   1.37363E+04   1.22528E-03
   1.37438E+04   1.37631E-03
   1.37514E+04   1.52750E-03
   1.37589E+04   1.67886E-03
   1.37665E+04   1.83038E-03
   1.37741E+04   1.98205E-03
   1.37817E+04   2.13394E-03
   1.37893E+04   2.28598E-03
   1.37969E+04   2.43816E-03
   1.38045E+04   2.59055E-03
   1.38122E+04   2.74306E-03
   1.38198E+04   2.89578E-03
   1.38274E+04   3.04865E-03
   1.38351E+04   3.20171E-03
   1.38427E+04   3.35491E-03
   1.38504E+04   3.50829E-03
   1.38581E+04   3.66185E-03
   1.38658E+04   3.81558E-03
   1.38735E+04   3.96948E-03
   1.38812E+04   4.12354E-03
   1.38889E+04   4.27777E-03
   1.38966E+04   4.43219E-03
   1.39043E+04   4.58676E-03
   1.39121E+04   4.74150E-03
   1.39198E+04   4.89645E-03
   1.39276E+04   5.05152E-03
   1.39353E+04   5.20679E-03
   1.39431E+04   5.36224E-03
   1.39509E+04   5.51785E-03
   1.39587E+04   5.67365E-03
   1.39665E+04   5.82961E-03
   1.39743E+04   5.98574E-03
   1.39821E+04   6.14205E-03
   1.39899E+04   6.29855E-03
   1.39978E+04   6.45522E-03
   1.40056E+04   6.61205E-03
   1.40135E+04   6.76907E-03
   1.40213E+04   6.92627E-03
   1.40292E+04   7.25083E-03
   1.40371E+04   7.72345E-03
   1.40449E+04   8.19659E-03
   1.40528E+04   8.67033E-03
   1.40607E+04   9.14453E-03
   1.40687E+04   9.61932E-03
   1.40766E+04   1.00946E-02
   1.40845E+04   1.05704E-02
   1.40924E+04   1.10468E-02
   1.41004E+04   1.15237E-02
   1.41084E+04   1.20012E-02
   1.41163E+04   1.24791E-02
   1.41243E+04   1.29576E-02
   1.41323E+04   1.35823E-02
   1.41403E+04   1.42217E-02
   1.41483E+04   1.48619E-02
   1.41563E+04   1.55028E-02
   1.41643E+04   1.61444E-02
   1.41723E+04   1.67869E-02
   1.41804E+04   1.80748E-02
   1.41884E+04   1.96844E-02
   1.41965E+04   2.12957E-02
   1.42045E+04   2.29092E-02
   1.42126E+04   2.45242E-02
   1.42207E+04   2.61410E-02
   1.42288E+04   2.82156E-02
   1.42369E+04   3.08087E-02
   1.42450E+04   3.34047E-02
   1.42531E+04   3.60034E-02
   1.42613E+04   3.86053E-02
   1.42694E+04   4.12100E-02
   1.42776E+04   4.40223E-02
   1.42857E+04   4.72856E-02
   1.42939E+04   5.05528E-02
   1.43021E+04   5.38238E-02
   1.43102E+04   5.70985E-02
   1.43184E+04   6.03770E-02
   1.43266E+04   6.37908E-02
   1.43349E+04   6.77338E-02
   1.43431E+04   7.16818E-02
   1.43513E+04   7.56337E-02
   1.43596E+04   7.95905E-02
   1.43678E+04   8.35519E-02
   1.43761E+04   8.77115E-02
   1.43843E+04   9.31706E-02
   1.43926E+04   9.86363E-02
   1.44009E+04   1.04109E-01
   1.44092E+04   1.09586E-01
   1.44175E+04   1.15071E-01
   1.44259E+04   1.20647E-01
   1.44342E+04   1.26977E-01
   1.44425E+04   1.33314E-01
   1.44509E+04   1.39659E-01
   1.44592E+04   1.46011E-01
   1.44676E+04   1.52370E-01
   1.44760E+04   1.58718E-01
   1.44844E+04   1.64924E-01
   1.44928E+04   1.71138E-01
   1.45012E+04   1.77359E-01
   1.45096E+04   1.83586E-01
   1.45180E+04   1.89821E-01
   1.45264E+04   1.95991E-01
   1.45349E+04   2.01809E-01
   1.45433E+04   2.07633E-01
   1.45518E+04   2.13465E-01
   1.45603E+04   2.19304E-01
   1.45688E+04   2.25149E-01
   1.45773E+04   2.30065E-01
   1.45858E+04   2.34828E-01
   1.45943E+04   2.39596E-01
   1.46028E+04   2.44370E-01
   1.46113E+04   2.49150E-01
   1.46199E+04   2.53934E-01
   1.46284E+04   2.57682E-01
   1.46370E+04   2.61419E-01
   1.46456E+04   2.65161E-01
   1.46542E+04   2.68907E-01
   1.46628E+04   2.72658E-01
   1.46714E+04   2.76412E-01
   1.46800E+04   2.80190E-01
   1.46886E+04   2.83985E-01
   1.46972E+04   2.87784E-01
   1.47059E+04   2.91588E-01
   1.47145E+04   2.95397E-01
   1.47232E+04   2.99210E-01
   1.47319E+04   3.03302E-01
   1.47406E+04   3.07472E-01
   1.47493E+04   3.11646E-01
   1.47580E+04   3.15825E-01
   1.47667E+04   3.20009E-01
   1.47754E+04   3.24207E-01
   1.47842E+04   3.28576E-01
   1.47929E+04   3.32950E-01
   1.48017E+04   3.37329E-01
   1.48104E+04   3.41713E-01
   1.48192E+04   3.46103E-01
   1.48280E+04   3.50498E-01
   1.48368E+04   3.54897E-01
   1.48456E+04   3.59303E-01
   1.48544E+04   3.63713E-01
   1.48633E+04   3.68129E-01
   1.48721E+04   3.72550E-01
   1.48810E+04   3.76857E-01
   1.48898E+04   3.81112E-01
   1.48987E+04   3.85371E-01
   1.49076E+04   3.89635E-01
   1.49165E+04   3.93905E-01
   1.49254E+04   3.98172E-01
   1.49343E+04   4.02273E-01
   1.49432E+04   4.06380E-01
   1.49522E+04   4.10491E-01
   1.49611E+04   4.14607E-01
   1.49701E+04   4.18728E-01
   1.49790E+04   4.22451E-01
   1.49880E+04   4.25684E-01
   1.49970E+04   4.28920E-01
   1.50060E+04   4.32161E-01
   1.50150E+04   4.35405E-01
   1.50240E+04   4.38653E-01
   1.50331E+04   4.41422E-01
   1.50421E+04   4.44135E-01
   1.50512E+04   4.46852E-01
   1.50602E+04   4.49572E-01
   1.50693E+04   4.52296E-01
   1.50784E+04   4.54954E-01
   1.50875E+04   4.57502E-01
   1.50966E+04   4.60053E-01
   1.51057E+04   4.62607E-01
   1.51149E+04   4.65164E-01
   1.51240E+04   4.67725E-01
   1.51332E+04   4.70452E-01
   1.51423E+04   4.73201E-01
   1.51515E+04   4.75955E-01
   1.51607E+04   4.78711E-01
   1.51699E+04   4.81471E-01
   1.51791E+04   4.83987E-01
   1.51883E+04   4.86200E-01
   1.51976E+04   4.88416E-01
   1.52068E+04   4.90635E-01
   1.52161E+04   4.92856E-01
   1.52253E+04   4.95080E-01
   1.52346E+04   4.97307E-01
   1.52439E+04   4.99537E-01
   1.52532E+04   5.01769E-01
   1.52625E+04   5.04004E-01
   1.52718E+04   5.06241E-01
   1.52812E+04   5.08482E-01
   1.52905E+04   5.10725E-01
   1.52999E+04   5.12971E-01
   1.53092E+04   5.15219E-01
   1.53186E+04   5.17471E-01
   1.53280E+04   5.19785E-01
   1.53374E+04   5.22230E-01
   1.53468E+04   5.24678E-01
   1.53563E+04   5.27129E-01
   1.53657E+04   5.29583E-01
   1.53752E+04   5.32046E-01
   1.53846E+04   5.34885E-01
   1.53941E+04   5.37727E-01
   1.54036E+04   5.40572E-01
   1.54131E+04   5.43421E-01
   1.54226E+04   5.46274E-01
   1.54321E+04   5.49130E-01
   1.54416E+04   5.51989E-01
   1.54512E+04   5.54852E-01
   1.54607E+04   5.57719E-01
   1.54703E+04   5.60589E-01
   1.54799E+04   5.63268E-01
   1.54895E+04   5.65761E-01
   1.54991E+04   5.68258E-01
   1.55087E+04   5.70758E-01
   1.55183E+04   5.73261E-01
   1.55280E+04   5.75472E-01
   1.55376E+04   5.77016E-01
   1.55473E+04   5.78562E-01
   1.55569E+04   5.80110E-01
   1.55666E+04   5.81660E-01
   1.55763E+04   5.83132E-01
   1.55860E+04   5.84104E-01
   1.55958E+04   5.85076E-01
   1.56055E+04   5.86049E-01
   1.56152E+04   5.87024E-01
   1.56250E+04   5.88000E-01
   1.56348E+04   5.88782E-01
   1.56446E+04   5.89564E-01
   1.56544E+04   5.90348E-01
   1.56642E+04   5.91133E-01
   1.56740E+04   5.91919E-01
   1.56838E+04   5.92529E-01
   1.56937E+04   5.93120E-01
   1.57035E+04   5.93711E-01
   1.57134E+04   5.94303E-01
   1.57233E+04   5.94896E-01
   1.57332E+04   5.96633E-01
   1.57431E+04   5.98615E-01
   1.57530E+04   6.00599E-01
   1.57629E+04   6.02585E-01
   1.57729E+04   6.04574E-01
   1.57828E+04   6.07348E-01
   1.57928E+04   6.10340E-01
   1.58028E+04   6.13334E-01
   1.58128E+04   6.16333E-01
   1.58228E+04   6.19336E-01
   1.58328E+04   6.22342E-01
   1.58428E+04   6.25352E-01
   1.58529E+04   6.28365E-01
   1.58629E+04   6.31383E-01
   1.58730E+04   6.34405E-01
   1.58831E+04   6.37592E-01
   1.58932E+04   6.40823E-01
   1.59033E+04   6.44058E-01
   1.59134E+04   6.47298E-01
   1.59236E+04   6.50541E-01
   1.59337E+04   6.53266E-01
   1.59439E+04   6.55908E-01
   1.59541E+04   6.58554E-01
   1.59642E+04   6.61202E-01
   1.59744E+04   6.63854E-01
   1.59847E+04   6.65802E-01
   1.59949E+04   6.67711E-01
   1.60051E+04   6.69623E-01
   1.60154E+04   6.71537E-01
   1.60256E+04   6.73453E-01
   1.60359E+04   6.75372E-01
   1.60462E+04   6.77293E-01
   1.60565E+04   6.79499E-01
   1.60668E+04   6.81873E-01
   1.60772E+04   6.84249E-01
   1.60875E+04   6.86629E-01
   1.60979E+04   6.89011E-01
   1.61082E+04   6.91397E-01
   1.61186E+04   6.93786E-01
   1.61290E+04   6.96177E-01
   1.61394E+04   6.98572E-01
   1.61499E+04   7.00970E-01
   1.61603E+04   7.03578E-01
   1.61708E+04   7.06191E-01
   1.61812E+04   7.08807E-01
   1.61917E+04   7.11427E-01
   1.62022E+04   7.14051E-01
   1.62127E+04   7.16678E-01
   1.62232E+04   7.19308E-01
   1.62338E+04   7.21942E-01
   1.62443E+04   7.24579E-01
   1.62549E+04   7.27121E-01
   1.62655E+04   7.29554E-01
   1.62760E+04   7.31990E-01
   1.62866E+04   7.34428E-01
   1.62973E+04   7.36870E-01
   1.63079E+04   7.39315E-01
   1.63185E+04   7.41764E-01
   1.63292E+04   7.44215E-01
   1.63399E+04   7.46670E-01
   1.63506E+04   7.49106E-01
   1.63613E+04   7.51139E-01
   1.63720E+04   7.53174E-01
   1.63827E+04   7.55213E-01
   1.63934E+04   7.57254E-01
   1.64042E+04   7.59298E-01
   1.64150E+04   7.61344E-01
   1.64258E+04   7.63394E-01
   1.64366E+04   7.65445E-01
   1.64474E+04   7.67500E-01
   1.64582E+04   7.69967E-01
   1.64690E+04   7.72569E-01
   1.64799E+04   7.75175E-01
   1.64908E+04   7.77784E-01
   1.65017E+04   7.80396E-01
   1.65125E+04   7.83012E-01
   1.65235E+04   7.85631E-01
   1.65344E+04   7.88254E-01
   1.65453E+04   7.90880E-01
   1.65563E+04   7.94454E-01
   1.65673E+04   7.98733E-01
   1.65783E+04   8.03017E-01
   1.65893E+04   8.07307E-01
   1.66003E+04   8.11604E-01
   1.66113E+04   8.15905E-01
   1.66223E+04   8.20212E-01
   1.66334E+04   8.24526E-01
   1.66445E+04   8.28845E-01
   1.66556E+04   8.31890E-01
   1.66667E+04   8.33667E-01
   1.66778E+04   8.35446E-01
   1.66889E+04   8.37227E-01
   1.67001E+04   8.39011E-01
   1.67112E+04   8.40797E-01
   1.67224E+04   8.42585E-01
   1.67336E+04   8.44376E-01
   1.67448E+04   8.46169E-01
   1.67560E+04   8.45854E-01
   1.67673E+04   8.43719E-01
   1.67785E+04   8.41581E-01
   1.67898E+04   8.39440E-01
   1.68011E+04   8.37296E-01
   1.68124E+04   8.35149E-01
   1.68237E+04   8.32999E-01
   1.68350E+04   8.30847E-01
   1.68464E+04   8.28691E-01
   1.68577E+04   8.25452E-01
   1.68691E+04   8.21698E-01
   1.68805E+04   8.17940E-01
   1.68919E+04   8.14175E-01
   1.69033E+04   8.10407E-01
   1.69148E+04   8.06633E-01
   1.69262E+04   8.02854E-01
   1.69377E+04   7.99069E-01
   1.69492E+04   7.95280E-01
   1.69607E+04   7.95746E-01
   1.69722E+04   7.96552E-01
   1.69837E+04   7.97359E-01
   1.69952E+04   7.98167E-01
   1.70068E+04   7.98976E-01
   1.70184E+04   7.99787E-01
   1.70300E+04   8.00598E-01
   1.70416E+04   8.01411E-01
   1.70532E+04   8.03186E-01
   1.70648E+04   8.07493E-01
   1.70765E+04   8.11806E-01
   1.70882E+04   8.16125E-01
   1.70999E+04   8.20449E-01
   1.71116E+04   8.24780E-01
   1.71233E+04   8.29116E-01
   1.71350E+04   8.33459E-01
   1.71468E+04   8.37808E-01
   1.71585E+04   8.42931E-01
   1.71703E+04   8.48352E-01
   1.71821E+04   8.53780E-01
   1.71939E+04   8.59216E-01
   1.72058E+04   8.64659E-01
   1.72176E+04   8.70110E-01
   1.72295E+04   8.75568E-01
   1.72414E+04   8.81034E-01
   1.72533E+04   8.86901E-01
   1.72652E+04   8.93812E-01
   1.72771E+04   9.00732E-01
   1.72891E+04   9.07663E-01
   1.73010E+04   9.14602E-01
   1.73130E+04   9.21551E-01
   1.73250E+04   9.28510E-01
   1.73370E+04   9.35478E-01
   1.73491E+04   9.42456E-01
   1.73611E+04   9.47667E-01
   1.73732E+04   9.52734E-01
   1.73853E+04   9.57808E-01
   1.73974E+04   9.62889E-01
   1.74095E+04   9.67978E-01
   1.74216E+04   9.73074E-01
   1.74338E+04   9.78176E-01
   1.74459E+04   9.83286E-01
   1.74581E+04   9.86215E-01
   1.74703E+04   9.88045E-01
   1.74825E+04   9.89878E-01
   1.74948E+04   9.91713E-01
   1.75070E+04   9.93550E-01
   1.75193E+04   9.95391E-01
   1.75316E+04   9.97234E-01
   1.75439E+04   9.99079E-01
   1.75562E+04   9.97157E-01
   1.75685E+04   9.91482E-01
   1.75809E+04   9.85799E-01
   1.75932E+04   9.80108E-01
   1.76056E+04   9.74408E-01
   1.76180E+04   9.68701E-01
   1.76305E+04   9.62986E-01
   1.76429E+04   9.57262E-01
   1.76554E+04   9.49062E-01
   1.76678E+04   9.37584E-01
   1.76803E+04   9.26087E-01
   1.76929E+04   9.14576E-01
   1.77054E+04   9.03048E-01
   1.77179E+04   8.91505E-01
   1.77305E+04   8.79944E-01
   1.77431E+04   8.68366E-01
   1.77557E+04   8.53648E-01
   1.77683E+04   8.35098E-01
   1.77809E+04   8.16519E-01
   1.77936E+04   7.97917E-01
   1.78063E+04   7.79287E-01
   1.78190E+04   7.60630E-01
   1.78317E+04   7.41945E-01
   1.78444E+04   7.23237E-01
   1.78571E+04   7.02215E-01
   1.78699E+04   6.79368E-01
   1.78827E+04   6.56486E-01
   1.78955E+04   6.33572E-01
   1.79083E+04   6.10628E-01
   1.79211E+04   5.87648E-01
   1.79340E+04   5.64637E-01
   1.79469E+04   5.41590E-01
   1.79598E+04   5.20955E-01
   1.79727E+04   5.01070E-01
   1.79856E+04   4.81159E-01
   1.79986E+04   4.61217E-01
   1.80115E+04   4.41248E-01
   1.80245E+04   4.21249E-01
   1.80375E+04   4.01223E-01
   1.80505E+04   3.81280E-01
   1.80636E+04   3.63933E-01
   1.80766E+04   3.46563E-01
   1.80897E+04   3.29166E-01
   1.81028E+04   3.11744E-01
   1.81159E+04   2.94298E-01
   1.81291E+04   2.76826E-01
   1.81422E+04   2.59328E-01
   1.81554E+04   2.43428E-01
   1.81686E+04   2.29836E-01
   1.81818E+04   2.16227E-01
   1.81951E+04   2.02598E-01
   1.82083E+04   1.88948E-01
   1.82216E+04   1.75279E-01
   1.82349E+04   1.61589E-01
   1.82482E+04   1.47879E-01
   1.82615E+04   1.38062E-01
   1.82749E+04   1.28851E-01
   1.82882E+04   1.19626E-01
   1.83016E+04   1.10388E-01
   1.83150E+04   1.01138E-01
   1.83284E+04   9.18727E-02
   1.83419E+04   8.25941E-02
   1.83554E+04   7.45883E-02
   1.83688E+04   6.85194E-02
   1.83824E+04   6.24409E-02
   1.83959E+04   5.63545E-02
   1.84094E+04   5.02584E-02
   1.84230E+04   4.41535E-02
   1.84366E+04   3.80399E-02
   1.84502E+04   3.19688E-02
   1.84638E+04   2.96522E-02
   1.84775E+04   2.73323E-02
   1.84911E+04   2.50087E-02
   1.85048E+04   2.26822E-02
   1.85185E+04   2.03520E-02
   1.85322E+04   1.80182E-02
   1.85460E+04   1.56810E-02
   1.85598E+04   1.41214E-02
   1.85736E+04   1.28804E-02
   1.85874E+04   1.16375E-02
   1.86012E+04   1.03928E-02
   1.86150E+04   9.14631E-03
   1.86289E+04   7.89791E-03
   1.86428E+04   6.64758E-03
   1.86567E+04   5.86566E-03
   1.86707E+04   5.58699E-03
   1.86846E+04   5.30793E-03
   1.86986E+04   5.02844E-03
   1.87126E+04   4.74852E-03
   1.87266E+04   4.46816E-03
   1.87406E+04   4.18742E-03
   1.87547E+04   3.95311E-03
   1.87688E+04   3.81230E-03
   1.87829E+04   3.67131E-03
   1.87970E+04   3.53008E-03
   1.88111E+04   3.38863E-03
   1.88253E+04   3.24699E-03
   1.88395E+04   3.10512E-03
   1.88537E+04   3.00000E-03
   1.88679E+04   3.00000E-03
   1.88822E+04   3.00000E-03
   1.88964E+04   3.00000E-03
   1.89107E+04   3.00000E-03
   1.89251E+04   3.00000E-03
   1.89394E+04   3.00000E-03
   1.89538E+04   2.96248E-03
   1.89681E+04   2.81867E-03
   1.89825E+04   2.67465E-03
   1.89970E+04   2.53039E-03
   1.90114E+04   2.38594E-03
   1.90259E+04   2.24125E-03
   1.90404E+04   2.09635E-03
   1.90549E+04   1.95121E-03
   1.90694E+04   1.80588E-03
   1.90840E+04   1.66031E-03
   1.90985E+04   1.51451E-03
   1.91132E+04   1.36850E-03
   1.91278E+04   1.22227E-03
   1.91424E+04   1.07580E-03
   1.91571E+04   1.00000E-03
   1.91718E+04   1.00000E-03
   1.91865E+04   1.00000E-03
   1.92012E+04   1.00000E-03
   1.92160E+04   1.00000E-03
   1.92308E+04   1.00000E-03
   1.92456E+04   1.00000E-03
   1.92604E+04   8.95996E-04
   1.92753E+04   7.47500E-04
   1.92901E+04   5.98770E-04
   1.93050E+04   4.49805E-04
   1.93199E+04   3.00625E-04
   1.93349E+04   1.51191E-04
   1.93498E+04   1.54297E-06

