# Filter 100: J-ESO (via Mathias Schultheis).
#  763 data points. Lines   3 to 765
   9.94827E+03   0.00000E+00
   9.95223E+03   1.11427E-04
   9.95619E+03   3.09616E-04
   9.96016E+03   5.07957E-04
   9.96413E+03   7.06444E-04
   9.96810E+03   9.05129E-04
   9.97208E+03   1.00000E-03
   9.97606E+03   1.00000E-03
   9.98004E+03   1.00000E-03
   9.98403E+03   1.00000E-03
   9.98801E+03   1.00000E-03
   9.99201E+03   1.00000E-03
   9.99600E+03   1.00000E-03
   1.00000E+04   1.00000E-03
   1.00040E+04   1.00000E-03
   1.00080E+04   1.00000E-03
   1.00120E+04   1.00000E-03
   1.00160E+04   1.00000E-03
   1.00200E+04   1.00000E-03
   1.00241E+04   1.00000E-03
   1.00281E+04   1.00000E-03
   1.00321E+04   1.00000E-03
   1.00361E+04   1.00000E-03
   1.00402E+04   1.00000E-03
   1.00442E+04   1.00000E-03
   1.00482E+04   1.00000E-03
   1.00523E+04   1.00000E-03
   1.00563E+04   1.00000E-03
   1.00604E+04   1.00000E-03
   1.00644E+04   1.00000E-03
   1.00685E+04   1.00000E-03
   1.00725E+04   1.00000E-03
   1.00766E+04   1.00000E-03
   1.00806E+04   1.00000E-03
   1.00847E+04   1.00000E-03
   1.00888E+04   1.00000E-03
   1.00929E+04   1.00000E-03
   1.00969E+04   1.00000E-03
   1.01010E+04   1.00000E-03
   1.01051E+04   1.00000E-03
   1.01092E+04   1.00000E-03
   1.01133E+04   1.00000E-03
   1.01174E+04   1.00000E-03
   1.01215E+04   1.00000E-03
   1.01256E+04   1.00000E-03
   1.01297E+04   1.00000E-03
   1.01338E+04   1.00000E-03
   1.01379E+04   1.00000E-03
   1.01420E+04   1.00000E-03
   1.01461E+04   1.00000E-03
   1.01502E+04   1.00000E-03
   1.01543E+04   1.00000E-03
   1.01585E+04   1.00000E-03
   1.01626E+04   1.00000E-03
   1.01667E+04   1.00000E-03
   1.01709E+04   1.00000E-03
   1.01750E+04   1.00020E-03
   1.01792E+04   1.08307E-03
   1.01833E+04   1.16599E-03
   1.01874E+04   1.24899E-03
   1.01916E+04   1.33205E-03
   1.01958E+04   1.41518E-03
   1.01999E+04   1.49836E-03
   1.02041E+04   1.58164E-03
   1.02082E+04   1.66496E-03
   1.02124E+04   1.74836E-03
   1.02166E+04   1.83183E-03
   1.02208E+04   1.91537E-03
   1.02249E+04   1.99899E-03
   1.02291E+04   2.08266E-03
   1.02333E+04   2.16639E-03
   1.02375E+04   2.25020E-03
   1.02417E+04   2.33408E-03
   1.02459E+04   2.41803E-03
   1.02501E+04   2.50205E-03
   1.02543E+04   2.58614E-03
   1.02585E+04   2.67030E-03
   1.02627E+04   2.75451E-03
   1.02669E+04   2.83881E-03
   1.02712E+04   2.92316E-03
   1.02754E+04   3.00760E-03
   1.02796E+04   3.09211E-03
   1.02838E+04   3.17668E-03
   1.02881E+04   3.26131E-03
   1.02923E+04   3.34604E-03
   1.02965E+04   3.43080E-03
   1.03008E+04   3.51566E-03
   1.03050E+04   3.60059E-03
   1.03093E+04   3.68557E-03
   1.03135E+04   3.77062E-03
   1.03178E+04   3.85576E-03
   1.03220E+04   3.94096E-03
   1.03263E+04   4.07869E-03
   1.03306E+04   4.33469E-03
   1.03348E+04   4.59093E-03
   1.03391E+04   4.84739E-03
   1.03434E+04   5.10408E-03
   1.03477E+04   5.36091E-03
   1.03520E+04   5.61801E-03
   1.03563E+04   5.87530E-03
   1.03605E+04   6.13281E-03
   1.03648E+04   6.39056E-03
   1.03691E+04   6.64851E-03
   1.03734E+04   6.90666E-03
   1.03777E+04   7.27500E-03
   1.03821E+04   7.70595E-03
   1.03864E+04   8.13731E-03
   1.03907E+04   8.56906E-03
   1.03950E+04   9.00108E-03
   1.03993E+04   9.43340E-03
   1.04037E+04   9.86621E-03
   1.04080E+04   1.02993E-02
   1.04123E+04   1.07328E-02
   1.04167E+04   1.11667E-02
   1.04210E+04   1.16009E-02
   1.04254E+04   1.20495E-02
   1.04297E+04   1.26586E-02
   1.04341E+04   1.32679E-02
   1.04384E+04   1.38779E-02
   1.04428E+04   1.44883E-02
   1.04471E+04   1.50993E-02
   1.04515E+04   1.57107E-02
   1.04559E+04   1.63227E-02
   1.04603E+04   1.69351E-02
   1.04646E+04   1.75482E-02
   1.04690E+04   1.81616E-02
   1.04734E+04   1.87756E-02
   1.04778E+04   1.93344E-02
   1.04822E+04   1.98617E-02
   1.04866E+04   2.03893E-02
   1.04910E+04   2.09173E-02
   1.04954E+04   2.14458E-02
   1.04998E+04   2.19748E-02
   1.05042E+04   2.25043E-02
   1.05086E+04   2.30340E-02
   1.05130E+04   2.35643E-02
   1.05175E+04   2.40951E-02
   1.05219E+04   2.46263E-02
   1.05263E+04   2.51841E-02
   1.05307E+04   2.58050E-02
   1.05352E+04   2.64264E-02
   1.05396E+04   2.70481E-02
   1.05441E+04   2.76704E-02
   1.05485E+04   2.82933E-02
   1.05530E+04   2.89166E-02
   1.05574E+04   2.95406E-02
   1.05619E+04   3.01650E-02
   1.05664E+04   3.07899E-02
   1.05708E+04   3.14154E-02
   1.05753E+04   3.20355E-02
   1.05798E+04   3.25726E-02
   1.05843E+04   3.31101E-02
   1.05887E+04   3.36480E-02
   1.05932E+04   3.41865E-02
   1.05977E+04   3.47253E-02
   1.06022E+04   3.52646E-02
   1.06067E+04   3.58044E-02
   1.06112E+04   3.63446E-02
   1.06157E+04   3.68853E-02
   1.06202E+04   3.74265E-02
   1.06247E+04   3.79681E-02
   1.06293E+04   3.84252E-02
   1.06338E+04   3.88772E-02
   1.06383E+04   3.93298E-02
   1.06428E+04   3.97827E-02
   1.06474E+04   4.02359E-02
   1.06519E+04   4.06897E-02
   1.06564E+04   4.11437E-02
   1.06610E+04   4.15981E-02
   1.06655E+04   4.20529E-02
   1.06701E+04   4.25081E-02
   1.06746E+04   4.29637E-02
   1.06792E+04   4.36716E-02
   1.06838E+04   4.44017E-02
   1.06883E+04   4.51325E-02
   1.06929E+04   4.58641E-02
   1.06975E+04   4.65961E-02
   1.07021E+04   4.73287E-02
   1.07066E+04   4.80620E-02
   1.07112E+04   4.87961E-02
   1.07158E+04   4.95306E-02
   1.07204E+04   5.02659E-02
   1.07250E+04   5.10019E-02
   1.07296E+04   5.18304E-02
   1.07342E+04   5.26598E-02
   1.07388E+04   5.34898E-02
   1.07434E+04   5.43203E-02
   1.07481E+04   5.51518E-02
   1.07527E+04   5.59839E-02
   1.07573E+04   5.68168E-02
   1.07619E+04   5.76502E-02
   1.07666E+04   5.84844E-02
   1.07712E+04   5.93195E-02
   1.07759E+04   6.01207E-02
   1.07805E+04   6.07712E-02
   1.07852E+04   6.14223E-02
   1.07898E+04   6.20740E-02
   1.07945E+04   6.27263E-02
   1.07991E+04   6.33790E-02
   1.08038E+04   6.40324E-02
   1.08085E+04   6.46863E-02
   1.08131E+04   6.53408E-02
   1.08178E+04   6.59959E-02
   1.08225E+04   6.66515E-02
   1.08272E+04   6.73078E-02
   1.08319E+04   6.79644E-02
   1.08366E+04   6.86218E-02
   1.08413E+04   6.92796E-02
   1.08460E+04   6.99382E-02
   1.08507E+04   7.05972E-02
   1.08554E+04   7.12569E-02
   1.08601E+04   7.19171E-02
   1.08648E+04   7.25779E-02
   1.08696E+04   7.32392E-02
   1.08743E+04   7.39010E-02
   1.08790E+04   7.44830E-02
   1.08838E+04   7.50514E-02
   1.08885E+04   7.56203E-02
   1.08932E+04   7.61895E-02
   1.08980E+04   7.67594E-02
   1.09027E+04   7.73296E-02
   1.09075E+04   7.79005E-02
   1.09123E+04   7.84719E-02
   1.09170E+04   7.90436E-02
   1.09218E+04   7.96160E-02
   1.09266E+04   8.02202E-02
   1.09314E+04   8.08892E-02
   1.09361E+04   8.15586E-02
   1.09409E+04   8.22287E-02
   1.09457E+04   8.28992E-02
   1.09505E+04   8.35705E-02
   1.09553E+04   8.42424E-02
   1.09601E+04   8.49148E-02
   1.09649E+04   8.55877E-02
   1.09697E+04   8.62613E-02
   1.09745E+04   8.69355E-02
   1.09794E+04   8.79588E-02
   1.09842E+04   8.90202E-02
   1.09890E+04   9.00823E-02
   1.09938E+04   9.11456E-02
   1.09987E+04   9.22095E-02
   1.10035E+04   9.32747E-02
   1.10084E+04   9.43406E-02
   1.10132E+04   9.54074E-02
   1.10181E+04   9.64753E-02
   1.10229E+04   9.75441E-02
   1.10278E+04   9.87254E-02
   1.10327E+04   9.99906E-02
   1.10375E+04   1.01257E-01
   1.10424E+04   1.02525E-01
   1.10473E+04   1.03793E-01
   1.10522E+04   1.05063E-01
   1.10571E+04   1.06334E-01
   1.10619E+04   1.07606E-01
   1.10668E+04   1.08879E-01
   1.10717E+04   1.10154E-01
   1.10767E+04   1.11363E-01
   1.10816E+04   1.12443E-01
   1.10865E+04   1.13524E-01
   1.10914E+04   1.14607E-01
   1.10963E+04   1.15690E-01
   1.11012E+04   1.16774E-01
   1.11062E+04   1.17858E-01
   1.11111E+04   1.18944E-01
   1.11161E+04   1.20031E-01
   1.11210E+04   1.21119E-01
   1.11259E+04   1.22170E-01
   1.11309E+04   1.23062E-01
   1.11359E+04   1.23954E-01
   1.11408E+04   1.24848E-01
   1.11458E+04   1.25742E-01
   1.11508E+04   1.26637E-01
   1.11557E+04   1.27532E-01
   1.11607E+04   1.28429E-01
   1.11657E+04   1.29326E-01
   1.11707E+04   1.30224E-01
   1.11757E+04   1.31137E-01
   1.11807E+04   1.32136E-01
   1.11857E+04   1.33137E-01
   1.11907E+04   1.34138E-01
   1.11957E+04   1.35140E-01
   1.12007E+04   1.36144E-01
   1.12057E+04   1.37148E-01
   1.12108E+04   1.38153E-01
   1.12158E+04   1.39159E-01
   1.12208E+04   1.40165E-01
   1.12259E+04   1.41173E-01
   1.12309E+04   1.42182E-01
   1.12360E+04   1.43191E-01
   1.12410E+04   1.44201E-01
   1.12461E+04   1.45213E-01
   1.12511E+04   1.46225E-01
   1.12562E+04   1.47238E-01
   1.12613E+04   1.48252E-01
   1.12663E+04   1.49267E-01
   1.12714E+04   1.50283E-01
   1.12765E+04   1.51300E-01
   1.12816E+04   1.52318E-01
   1.12867E+04   1.53336E-01
   1.12918E+04   1.54356E-01
   1.12969E+04   1.55376E-01
   1.13020E+04   1.56398E-01
   1.13071E+04   1.57420E-01
   1.13122E+04   1.58443E-01
   1.13173E+04   1.59467E-01
   1.13225E+04   1.60493E-01
   1.13276E+04   1.61467E-01
   1.13327E+04   1.62391E-01
   1.13379E+04   1.63316E-01
   1.13430E+04   1.64242E-01
   1.13482E+04   1.65169E-01
   1.13533E+04   1.66097E-01
   1.13585E+04   1.67025E-01
   1.13636E+04   1.67955E-01
   1.13688E+04   1.68885E-01
   1.13740E+04   1.69816E-01
   1.13792E+04   1.70748E-01
   1.13843E+04   1.71680E-01
   1.13895E+04   1.72614E-01
   1.13947E+04   1.73548E-01
   1.13999E+04   1.74484E-01
   1.14051E+04   1.75420E-01
   1.14103E+04   1.76357E-01
   1.14155E+04   1.77295E-01
   1.14207E+04   1.78233E-01
   1.14260E+04   1.79173E-01
   1.14312E+04   1.80113E-01
   1.14364E+04   1.81054E-01
   1.14416E+04   1.81997E-01
   1.14469E+04   1.82940E-01
   1.14521E+04   1.83883E-01
   1.14574E+04   1.84828E-01
   1.14626E+04   1.85774E-01
   1.14679E+04   1.86720E-01
   1.14732E+04   1.87667E-01
   1.14784E+04   1.88616E-01
   1.14837E+04   1.89565E-01
   1.14890E+04   1.90515E-01
   1.14943E+04   1.91466E-01
   1.14995E+04   1.92417E-01
   1.15048E+04   1.93370E-01
   1.15101E+04   1.94323E-01
   1.15154E+04   1.95278E-01
   1.15207E+04   1.96233E-01
   1.15260E+04   1.97189E-01
   1.15314E+04   1.98146E-01
   1.15367E+04   1.99104E-01
   1.15420E+04   2.00062E-01
   1.15473E+04   2.01022E-01
   1.15527E+04   2.01982E-01
   1.15580E+04   2.02944E-01
   1.15634E+04   2.03906E-01
   1.15687E+04   2.04869E-01
   1.15741E+04   2.05833E-01
   1.15794E+04   2.07153E-01
   1.15848E+04   2.08548E-01
   1.15902E+04   2.09945E-01
   1.15955E+04   2.11342E-01
   1.16009E+04   2.12741E-01
   1.16063E+04   2.14142E-01
   1.16117E+04   2.15543E-01
   1.16171E+04   2.16946E-01
   1.16225E+04   2.18350E-01
   1.16279E+04   2.19814E-01
   1.16333E+04   2.21329E-01
   1.16387E+04   2.22845E-01
   1.16442E+04   2.24363E-01
   1.16496E+04   2.25883E-01
   1.16550E+04   2.27403E-01
   1.16604E+04   2.28926E-01
   1.16659E+04   2.30449E-01
   1.16713E+04   2.31974E-01
   1.16768E+04   2.33464E-01
   1.16822E+04   2.34883E-01
   1.16877E+04   2.36303E-01
   1.16932E+04   2.37724E-01
   1.16986E+04   2.39147E-01
   1.17041E+04   2.40571E-01
   1.17096E+04   2.41996E-01
   1.17151E+04   2.43423E-01
   1.17206E+04   2.44851E-01
   1.17261E+04   2.46259E-01
   1.17316E+04   2.47579E-01
   1.17371E+04   2.48901E-01
   1.17426E+04   2.50225E-01
   1.17481E+04   2.51549E-01
   1.17536E+04   2.52874E-01
   1.17592E+04   2.54201E-01
   1.17647E+04   2.55529E-01
   1.17702E+04   2.56859E-01
   1.17758E+04   2.58205E-01
   1.17813E+04   2.59648E-01
   1.17869E+04   2.61092E-01
   1.17925E+04   2.62538E-01
   1.17980E+04   2.63985E-01
   1.18036E+04   2.65433E-01
   1.18092E+04   2.66883E-01
   1.18147E+04   2.68334E-01
   1.18203E+04   2.69786E-01
   1.18259E+04   2.71221E-01
   1.18315E+04   2.72565E-01
   1.18371E+04   2.73909E-01
   1.18427E+04   2.75255E-01
   1.18483E+04   2.76602E-01
   1.18540E+04   2.77950E-01
   1.18596E+04   2.79300E-01
   1.18652E+04   2.80651E-01
   1.18708E+04   2.82003E-01
   1.18765E+04   2.83237E-01
   1.18821E+04   2.84141E-01
   1.18878E+04   2.85045E-01
   1.18934E+04   2.85950E-01
   1.18991E+04   2.86855E-01
   1.19048E+04   2.87762E-01
   1.19104E+04   2.88669E-01
   1.19161E+04   2.89578E-01
   1.19218E+04   2.90487E-01
   1.19275E+04   2.91248E-01
   1.19332E+04   2.91817E-01
   1.19389E+04   2.92387E-01
   1.19446E+04   2.92958E-01
   1.19503E+04   2.93529E-01
   1.19560E+04   2.94100E-01
   1.19617E+04   2.94672E-01
   1.19674E+04   2.95245E-01
   1.19732E+04   2.95818E-01
   1.19789E+04   2.96627E-01
   1.19847E+04   2.97545E-01
   1.19904E+04   2.98465E-01
   1.19962E+04   2.99386E-01
   1.20019E+04   3.00307E-01
   1.20077E+04   3.01230E-01
   1.20135E+04   3.02153E-01
   1.20192E+04   3.03077E-01
   1.20250E+04   3.04003E-01
   1.20308E+04   3.05276E-01
   1.20366E+04   3.06550E-01
   1.20424E+04   3.07826E-01
   1.20482E+04   3.09102E-01
   1.20540E+04   3.10380E-01
   1.20598E+04   3.11660E-01
   1.20656E+04   3.12940E-01
   1.20715E+04   3.14222E-01
   1.20773E+04   3.15505E-01
   1.20831E+04   3.16789E-01
   1.20890E+04   3.18074E-01
   1.20948E+04   3.19361E-01
   1.21007E+04   3.20649E-01
   1.21065E+04   3.21938E-01
   1.21124E+04   3.23229E-01
   1.21183E+04   3.24520E-01
   1.21242E+04   3.25813E-01
   1.21300E+04   3.27510E-01
   1.21359E+04   3.29277E-01
   1.21418E+04   3.31045E-01
   1.21477E+04   3.32815E-01
   1.21536E+04   3.34587E-01
   1.21595E+04   3.36360E-01
   1.21655E+04   3.38135E-01
   1.21714E+04   3.39912E-01
   1.21773E+04   3.42243E-01
   1.21832E+04   3.45448E-01
   1.21892E+04   3.48655E-01
   1.21951E+04   3.51866E-01
   1.22011E+04   3.55080E-01
   1.22070E+04   3.58297E-01
   1.22130E+04   3.61517E-01
   1.22190E+04   3.64740E-01
   1.22249E+04   3.67967E-01
   1.22309E+04   3.72025E-01
   1.22369E+04   3.76096E-01
   1.22429E+04   3.80172E-01
   1.22489E+04   3.84250E-01
   1.22549E+04   3.88334E-01
   1.22609E+04   3.92420E-01
   1.22669E+04   3.96511E-01
   1.22730E+04   4.00606E-01
   1.22790E+04   4.04148E-01
   1.22850E+04   4.07407E-01
   1.22911E+04   4.10668E-01
   1.22971E+04   4.13933E-01
   1.23031E+04   4.17201E-01
   1.23092E+04   4.20472E-01
   1.23153E+04   4.23747E-01
   1.23213E+04   4.27024E-01
   1.23274E+04   4.30063E-01
   1.23335E+04   4.32739E-01
   1.23396E+04   4.35417E-01
   1.23457E+04   4.38099E-01
   1.23518E+04   4.40782E-01
   1.23579E+04   4.43469E-01
   1.23640E+04   4.46158E-01
   1.23701E+04   4.48850E-01
   1.23762E+04   4.51668E-01
   1.23824E+04   4.54978E-01
   1.23885E+04   4.58292E-01
   1.23946E+04   4.61609E-01
   1.24008E+04   4.64929E-01
   1.24069E+04   4.68252E-01
   1.24131E+04   4.71579E-01
   1.24193E+04   4.74909E-01
   1.24254E+04   4.78260E-01
   1.24316E+04   4.81844E-01
   1.24378E+04   4.85431E-01
   1.24440E+04   4.89022E-01
   1.24502E+04   4.92616E-01
   1.24564E+04   4.96214E-01
   1.24626E+04   4.99816E-01
   1.24688E+04   5.03421E-01
   1.24750E+04   5.07018E-01
   1.24813E+04   5.09260E-01
   1.24875E+04   5.11505E-01
   1.24938E+04   5.13751E-01
   1.25000E+04   5.16000E-01
   1.25063E+04   5.18251E-01
   1.25125E+04   5.20504E-01
   1.25188E+04   5.22760E-01
   1.25250E+04   5.25010E-01
   1.25313E+04   5.26265E-01
   1.25376E+04   5.27522E-01
   1.25439E+04   5.28780E-01
   1.25502E+04   5.30040E-01
   1.25565E+04   5.31301E-01
   1.25628E+04   5.32563E-01
   1.25691E+04   5.33826E-01
   1.25755E+04   5.35163E-01
   1.25818E+04   5.37441E-01
   1.25881E+04   5.39722E-01
   1.25945E+04   5.42005E-01
   1.26008E+04   5.44290E-01
   1.26072E+04   5.46578E-01
   1.26135E+04   5.48868E-01
   1.26199E+04   5.51160E-01
   1.26263E+04   5.53631E-01
   1.26326E+04   5.56821E-01
   1.26390E+04   5.60015E-01
   1.26454E+04   5.63211E-01
   1.26518E+04   5.66411E-01
   1.26582E+04   5.69614E-01
   1.26646E+04   5.72820E-01
   1.26711E+04   5.76030E-01
   1.26775E+04   5.79242E-01
   1.26839E+04   5.82458E-01
   1.26904E+04   5.85678E-01
   1.26968E+04   5.88900E-01
   1.27033E+04   5.92126E-01
   1.27097E+04   5.95355E-01
   1.27162E+04   5.98587E-01
   1.27226E+04   6.01823E-01
   1.27291E+04   6.05145E-01
   1.27356E+04   6.08516E-01
   1.27421E+04   6.11892E-01
   1.27486E+04   6.15271E-01
   1.27551E+04   6.18653E-01
   1.27616E+04   6.22039E-01
   1.27681E+04   6.25428E-01
   1.27747E+04   6.28821E-01
   1.27812E+04   6.32341E-01
   1.27877E+04   6.35871E-01
   1.27943E+04   6.39405E-01
   1.28008E+04   6.42942E-01
   1.28074E+04   6.46484E-01
   1.28139E+04   6.50028E-01
   1.28205E+04   6.53577E-01
   1.28271E+04   6.57171E-01
   1.28337E+04   6.60858E-01
   1.28403E+04   6.64549E-01
   1.28469E+04   6.68245E-01
   1.28535E+04   6.71944E-01
   1.28601E+04   6.75646E-01
   1.28667E+04   6.79353E-01
   1.28733E+04   6.83063E-01
   1.28800E+04   6.86678E-01
   1.28866E+04   6.90263E-01
   1.28932E+04   6.93852E-01
   1.28999E+04   6.97444E-01
   1.29066E+04   7.01041E-01
   1.29132E+04   7.04640E-01
   1.29199E+04   7.08244E-01
   1.29266E+04   7.11978E-01
   1.29333E+04   7.16124E-01
   1.29400E+04   7.20275E-01
   1.29467E+04   7.24429E-01
   1.29534E+04   7.28588E-01
   1.29601E+04   7.32751E-01
   1.29668E+04   7.36919E-01
   1.29735E+04   7.41091E-01
   1.29803E+04   7.46426E-01
   1.29870E+04   7.52091E-01
   1.29938E+04   7.57761E-01
   1.30005E+04   7.63438E-01
   1.30073E+04   7.69119E-01
   1.30141E+04   7.74807E-01
   1.30208E+04   7.80500E-01
   1.30276E+04   7.86409E-01
   1.30344E+04   7.92658E-01
   1.30412E+04   7.98913E-01
   1.30480E+04   8.05175E-01
   1.30548E+04   8.11444E-01
   1.30617E+04   8.17719E-01
   1.30685E+04   8.24000E-01
   1.30753E+04   8.30132E-01
   1.30822E+04   8.33006E-01
   1.30890E+04   8.35882E-01
   1.30959E+04   8.38762E-01
   1.31027E+04   8.41645E-01
   1.31096E+04   8.44531E-01
   1.31165E+04   8.47419E-01
   1.31234E+04   8.50311E-01
   1.31303E+04   8.51525E-01
   1.31372E+04   8.52215E-01
   1.31441E+04   8.52906E-01
   1.31510E+04   8.53597E-01
   1.31579E+04   8.54289E-01
   1.31648E+04   8.54982E-01
   1.31718E+04   8.55676E-01
   1.31787E+04   8.57407E-01
   1.31857E+04   8.60049E-01
   1.31926E+04   8.62693E-01
   1.31996E+04   8.65339E-01
   1.32066E+04   8.67989E-01
   1.32135E+04   8.70641E-01
   1.32205E+04   8.73297E-01
   1.32275E+04   8.76659E-01
   1.32345E+04   8.81280E-01
   1.32415E+04   8.85907E-01
   1.32485E+04   8.90538E-01
   1.32556E+04   8.95174E-01
   1.32626E+04   8.99816E-01
   1.32696E+04   9.04462E-01
   1.32767E+04   9.09552E-01
   1.32837E+04   9.16041E-01
   1.32908E+04   9.22539E-01
   1.32979E+04   9.29042E-01
   1.33049E+04   9.35553E-01
   1.33120E+04   9.42071E-01
   1.33191E+04   9.48596E-01
   1.33262E+04   9.55128E-01
   1.33333E+04   9.61666E-01
   1.33404E+04   9.68212E-01
   1.33476E+04   9.74765E-01
   1.33547E+04   9.81325E-01
   1.33618E+04   9.87892E-01
   1.33690E+04   9.94466E-01
   1.33761E+04   9.99932E-01
   1.33833E+04   9.99502E-01
   1.33905E+04   9.99072E-01
   1.33976E+04   9.98641E-01
   1.34048E+04   9.98210E-01
   1.34120E+04   9.97779E-01
   1.34192E+04   9.97347E-01
   1.34264E+04   9.95890E-01
   1.34336E+04   9.90263E-01
   1.34409E+04   9.84629E-01
   1.34481E+04   9.78989E-01
   1.34553E+04   9.73344E-01
   1.34626E+04   9.67692E-01
   1.34698E+04   9.62035E-01
   1.34771E+04   9.56747E-01
   1.34844E+04   9.52385E-01
   1.34916E+04   9.48019E-01
   1.34989E+04   9.43648E-01
   1.35062E+04   9.39272E-01
   1.35135E+04   9.34892E-01
   1.35208E+04   9.30507E-01
   1.35281E+04   9.25866E-01
   1.35355E+04   9.20885E-01
   1.35428E+04   9.15899E-01
   1.35501E+04   9.10908E-01
   1.35575E+04   9.05911E-01
   1.35648E+04   9.00909E-01
   1.35722E+04   8.95901E-01
   1.35796E+04   8.86312E-01
   1.35870E+04   8.73914E-01
   1.35943E+04   8.61501E-01
   1.36017E+04   8.49075E-01
   1.36091E+04   8.36634E-01
   1.36166E+04   8.24183E-01
   1.36240E+04   8.11716E-01
   1.36314E+04   7.93469E-01
   1.36388E+04   7.74282E-01
   1.36463E+04   7.55076E-01
   1.36537E+04   7.35846E-01
   1.36612E+04   7.16597E-01
   1.36687E+04   6.97324E-01
   1.36761E+04   6.77690E-01
   1.36836E+04   6.56129E-01
   1.36911E+04   6.34549E-01
   1.36986E+04   6.12943E-01
   1.37061E+04   5.91312E-01
   1.37137E+04   5.69659E-01
   1.37212E+04   5.47983E-01
   1.37287E+04   5.26208E-01
   1.37363E+04   5.04334E-01
   1.37438E+04   4.82435E-01
   1.37514E+04   4.60513E-01
   1.37589E+04   4.38565E-01
   1.37665E+04   4.16595E-01
   1.37741E+04   3.94602E-01
   1.37817E+04   3.76328E-01
   1.37893E+04   3.58541E-01
   1.37969E+04   3.40735E-01
   1.38045E+04   3.22906E-01
   1.38122E+04   3.05061E-01
   1.38198E+04   2.87194E-01
   1.38274E+04   2.70524E-01
   1.38351E+04   2.56443E-01
   1.38427E+04   2.42348E-01
   1.38504E+04   2.28237E-01
   1.38581E+04   2.14110E-01
   1.38658E+04   1.99966E-01
   1.38735E+04   1.85809E-01
   1.38812E+04   1.72870E-01
   1.38889E+04   1.60223E-01
   1.38966E+04   1.47561E-01
   1.39043E+04   1.34886E-01
   1.39121E+04   1.22197E-01
   1.39198E+04   1.09491E-01
   1.39276E+04   9.77540E-02
   1.39353E+04   8.79718E-02
   1.39431E+04   7.81785E-02
   1.39509E+04   6.83754E-02
   1.39587E+04   5.85599E-02
   1.39665E+04   4.87346E-02
   1.39743E+04   3.88982E-02
   1.39821E+04   3.33123E-02
   1.39899E+04   2.81477E-02
   1.39978E+04   2.29779E-02
   1.40056E+04   1.78023E-02
   1.40135E+04   1.26209E-02
   1.40213E+04   7.43311E-03
   1.40292E+04   4.83277E-03
   1.40371E+04   4.51770E-03
   1.40449E+04   4.20227E-03
   1.40528E+04   3.88644E-03
   1.40607E+04   3.57031E-03
   1.40687E+04   3.25379E-03
   1.40766E+04   2.96848E-03
   1.40845E+04   2.80986E-03
   1.40924E+04   2.65107E-03
   1.41004E+04   2.49211E-03
   1.41084E+04   2.33295E-03
   1.41163E+04   2.17363E-03
   1.41243E+04   2.01412E-03
   1.41323E+04   1.85443E-03
   1.41403E+04   1.69457E-03
   1.41483E+04   1.53453E-03
   1.41563E+04   1.37430E-03
   1.41643E+04   1.21389E-03
   1.41723E+04   1.05328E-03
   1.41804E+04   1.00000E-03
   1.41884E+04   1.00000E-03
   1.41965E+04   1.00000E-03
   1.42045E+04   1.00000E-03
   1.42126E+04   1.00000E-03
   1.42207E+04   1.00000E-03
   1.42288E+04   9.24024E-04
   1.42369E+04   7.61953E-04
   1.42450E+04   5.99707E-04
   1.42531E+04   4.37285E-04
   1.42613E+04   2.74668E-04
   1.42694E+04   1.11875E-04
   1.42776E+04   0.00000E+00
