# Filter 102: K-ESO (via Mathias Schultheis).
#  335 data points. Lines1327 to1661
   1.85460E+04   0.00000E+00
   1.85598E+04   1.95236E-04
   1.85736E+04   4.71016E-04
   1.85874E+04   7.47223E-04
   1.86012E+04   1.02383E-03
   1.86150E+04   1.30082E-03
   1.86289E+04   1.57824E-03
   1.86428E+04   1.85609E-03
   1.86567E+04   2.20151E-03
   1.86707E+04   2.61951E-03
   1.86846E+04   3.03811E-03
   1.86986E+04   3.45735E-03
   1.87126E+04   3.87723E-03
   1.87266E+04   4.29776E-03
   1.87406E+04   4.71886E-03
   1.87547E+04   5.23447E-03
   1.87688E+04   5.93847E-03
   1.87829E+04   6.64345E-03
   1.87970E+04   7.34961E-03
   1.88111E+04   8.05683E-03
   1.88253E+04   8.76503E-03
   1.88395E+04   9.47441E-03
   1.88537E+04   1.01848E-02
   1.88679E+04   1.08962E-02
   1.88822E+04   1.16088E-02
   1.88964E+04   1.23224E-02
   1.89107E+04   1.30371E-02
   1.89251E+04   1.37528E-02
   1.89394E+04   1.44697E-02
   1.89538E+04   1.56003E-02
   1.89681E+04   1.79012E-02
   1.89825E+04   2.02056E-02
   1.89970E+04   2.25137E-02
   1.90114E+04   2.48250E-02
   1.90259E+04   2.71400E-02
   1.90404E+04   2.94584E-02
   1.90549E+04   3.28052E-02
   1.90694E+04   3.81825E-02
   1.90840E+04   4.35684E-02
   1.90985E+04   4.89631E-02
   1.91132E+04   5.43657E-02
   1.91278E+04   5.97761E-02
   1.91424E+04   6.51953E-02
   1.91571E+04   7.22526E-02
   1.91718E+04   8.10676E-02
   1.91865E+04   8.98953E-02
   1.92012E+04   9.87370E-02
   1.92160E+04   1.07593E-01
   1.92308E+04   1.16462E-01
   1.92456E+04   1.25345E-01
   1.92604E+04   1.36424E-01
   1.92753E+04   1.48452E-01
   1.92901E+04   1.60500E-01
   1.93050E+04   1.72566E-01
   1.93199E+04   1.84649E-01
   1.93349E+04   1.96753E-01
   1.93498E+04   2.08875E-01
   1.93648E+04   2.22054E-01
   1.93798E+04   2.35264E-01
   1.93949E+04   2.48493E-01
   1.94099E+04   2.61745E-01
   1.94250E+04   2.75017E-01
   1.94401E+04   2.88310E-01
   1.94553E+04   3.02357E-01
   1.94704E+04   3.17813E-01
   1.94856E+04   3.33292E-01
   1.95008E+04   3.48795E-01
   1.95160E+04   3.64324E-01
   1.95313E+04   3.79875E-01
   1.95465E+04   3.95452E-01
   1.95618E+04   4.11287E-01
   1.95771E+04   4.27220E-01
   1.95925E+04   4.43176E-01
   1.96078E+04   4.59158E-01
   1.96232E+04   4.75164E-01
   1.96386E+04   4.91195E-01
   1.96541E+04   5.06638E-01
   1.96696E+04   5.20400E-01
   1.96850E+04   5.34185E-01
   1.97006E+04   5.47990E-01
   1.97161E+04   5.61818E-01
   1.97317E+04   5.75669E-01
   1.97472E+04   5.89540E-01
   1.97628E+04   6.00093E-01
   1.97785E+04   6.09943E-01
   1.97941E+04   6.19809E-01
   1.98098E+04   6.29691E-01
   1.98255E+04   6.39587E-01
   1.98413E+04   6.49500E-01
   1.98570E+04   6.57179E-01
   1.98728E+04   6.62072E-01
   1.98886E+04   6.66973E-01
   1.99045E+04   6.71882E-01
   1.99203E+04   6.76799E-01
   1.99362E+04   6.81724E-01
   1.99521E+04   6.86254E-01
   1.99681E+04   6.88166E-01
   1.99840E+04   6.90082E-01
   2.00000E+04   6.92000E-01
   2.00160E+04   6.93922E-01
   2.00321E+04   6.95846E-01
   2.00481E+04   6.97774E-01
   2.00642E+04   6.98710E-01
   2.00803E+04   6.99516E-01
   2.00965E+04   7.00323E-01
   2.01126E+04   7.01131E-01
   2.01288E+04   7.01941E-01
   2.01450E+04   7.02752E-01
   2.01613E+04   7.03677E-01
   2.01776E+04   7.04654E-01
   2.01939E+04   7.05632E-01
   2.02102E+04   7.06611E-01
   2.02265E+04   7.07592E-01
   2.02429E+04   7.08575E-01
   2.02593E+04   7.10211E-01
   2.02758E+04   7.12348E-01
   2.02922E+04   7.14487E-01
   2.03087E+04   7.16630E-01
   2.03252E+04   7.18776E-01
   2.03417E+04   7.20927E-01
   2.03583E+04   7.22997E-01
   2.03749E+04   7.24988E-01
   2.03915E+04   7.26982E-01
   2.04082E+04   7.28980E-01
   2.04248E+04   7.30980E-01
   2.04415E+04   7.32984E-01
   2.04583E+04   7.35405E-01
   2.04750E+04   7.38253E-01
   2.04918E+04   7.41106E-01
   2.05086E+04   7.43964E-01
   2.05255E+04   7.46827E-01
   2.05423E+04   7.49694E-01
   2.05592E+04   7.53211E-01
   2.05761E+04   7.57271E-01
   2.05931E+04   7.61339E-01
   2.06101E+04   7.65414E-01
   2.06271E+04   7.69495E-01
   2.06441E+04   7.73583E-01
   2.06612E+04   7.77231E-01
   2.06782E+04   7.80649E-01
   2.06954E+04   7.84073E-01
   2.07125E+04   7.87502E-01
   2.07297E+04   7.90937E-01
   2.07469E+04   7.94378E-01
   2.07641E+04   7.98530E-01
   2.07814E+04   8.02845E-01
   2.07987E+04   8.07167E-01
   2.08160E+04   8.11497E-01
   2.08333E+04   8.15834E-01
   2.08507E+04   8.20262E-01
   2.08681E+04   8.26702E-01
   2.08855E+04   8.33152E-01
   2.09030E+04   8.39614E-01
   2.09205E+04   8.46086E-01
   2.09380E+04   8.52569E-01
   2.09556E+04   8.59118E-01
   2.09732E+04   8.65799E-01
   2.09908E+04   8.72490E-01
   2.10084E+04   8.79194E-01
   2.10261E+04   8.85907E-01
   2.10438E+04   8.92633E-01
   2.10615E+04   8.95115E-01
   2.10793E+04   8.95293E-01
   2.10970E+04   8.95470E-01
   2.11149E+04   8.95649E-01
   2.11327E+04   8.95827E-01
   2.11506E+04   8.95734E-01
   2.11685E+04   8.87674E-01
   2.11864E+04   8.79601E-01
   2.12044E+04   8.71515E-01
   2.12224E+04   8.63415E-01
   2.12404E+04   8.55301E-01
   2.12585E+04   8.46918E-01
   2.12766E+04   8.38234E-01
   2.12947E+04   8.29535E-01
   2.13129E+04   8.20821E-01
   2.13311E+04   8.12092E-01
   2.13493E+04   8.03349E-01
   2.13675E+04   7.94765E-01
   2.13858E+04   7.86174E-01
   2.14041E+04   7.77569E-01
   2.14225E+04   7.68948E-01
   2.14408E+04   7.60313E-01
   2.14592E+04   7.52309E-01
   2.14777E+04   7.44934E-01
   2.14961E+04   7.37548E-01
   2.15146E+04   7.30148E-01
   2.15332E+04   7.22736E-01
   2.15517E+04   7.15672E-01
   2.15703E+04   7.12140E-01
   2.15889E+04   7.08600E-01
   2.16076E+04   7.05055E-01
   2.16263E+04   7.01504E-01
   2.16450E+04   6.97946E-01
   2.16638E+04   6.97276E-01
   2.16826E+04   6.97651E-01
   2.17014E+04   6.98028E-01
   2.17202E+04   6.98405E-01
   2.17391E+04   6.98783E-01
   2.17581E+04   7.00127E-01
   2.17770E+04   7.02781E-01
   2.17960E+04   7.05439E-01
   2.18150E+04   7.08101E-01
   2.18341E+04   7.10768E-01
   2.18531E+04   7.13629E-01
   2.18723E+04   7.17453E-01
   2.18914E+04   7.21284E-01
   2.19106E+04   7.25121E-01
   2.19298E+04   7.28965E-01
   2.19491E+04   7.32816E-01
   2.19684E+04   7.40713E-01
   2.19877E+04   7.48829E-01
   2.20070E+04   7.56958E-01
   2.20264E+04   7.65101E-01
   2.20459E+04   7.73259E-01
   2.20653E+04   7.84953E-01
   2.20848E+04   7.97623E-01
   2.21043E+04   8.10316E-01
   2.21239E+04   8.23031E-01
   2.21435E+04   8.35769E-01
   2.21631E+04   8.48266E-01
   2.21828E+04   8.60656E-01
   2.22025E+04   8.73066E-01
   2.22222E+04   8.85500E-01
   2.22420E+04   8.97955E-01
   2.22618E+04   9.08074E-01
   2.22816E+04   9.16606E-01
   2.23015E+04   9.25152E-01
   2.23214E+04   9.33715E-01
   2.23414E+04   9.42293E-01
   2.23614E+04   9.49522E-01
   2.23814E+04   9.55728E-01
   2.24014E+04   9.61945E-01
   2.24215E+04   9.68173E-01
   2.24417E+04   9.74413E-01
   2.24618E+04   9.79600E-01
   2.24820E+04   9.84043E-01
   2.25023E+04   9.88495E-01
   2.25225E+04   9.92955E-01
   2.25428E+04   9.97423E-01
   2.25632E+04   9.98868E-01
   2.25836E+04   9.98664E-01
   2.26040E+04   9.98460E-01
   2.26244E+04   9.98256E-01
   2.26449E+04   9.98051E-01
   2.26655E+04   9.96609E-01
   2.26860E+04   9.94758E-01
   2.27066E+04   9.92903E-01
   2.27273E+04   9.91045E-01
   2.27480E+04   9.89184E-01
   2.27687E+04   9.89000E-01
   2.27894E+04   9.89000E-01
   2.28102E+04   9.89000E-01
   2.28311E+04   9.89000E-01
   2.28519E+04   9.89096E-01
   2.28728E+04   9.90141E-01
   2.28938E+04   9.91189E-01
   2.29148E+04   9.92238E-01
   2.29358E+04   9.93289E-01
   2.29568E+04   9.93247E-01
   2.29779E+04   9.90926E-01
   2.29991E+04   9.88601E-01
   2.30203E+04   9.86272E-01
   2.30415E+04   9.83938E-01
   2.30627E+04   9.81218E-01
   2.30840E+04   9.78236E-01
   2.31054E+04   9.75249E-01
   2.31267E+04   9.72257E-01
   2.31481E+04   9.69259E-01
   2.31696E+04   9.65472E-01
   2.31911E+04   9.61603E-01
   2.32126E+04   9.57727E-01
   2.32342E+04   9.53844E-01
   2.32558E+04   9.47802E-01
   2.32775E+04   9.35893E-01
   2.32992E+04   9.23961E-01
   2.33209E+04   9.12007E-01
   2.33427E+04   9.00032E-01
   2.33645E+04   8.80645E-01
   2.33863E+04   8.57478E-01
   2.34082E+04   8.34265E-01
   2.34302E+04   8.11012E-01
   2.34522E+04   7.87151E-01
   2.34742E+04   7.58085E-01
   2.34962E+04   7.28963E-01
   2.35183E+04   6.99786E-01
   2.35405E+04   6.70553E-01
   2.35627E+04   6.41141E-01
   2.35849E+04   6.11575E-01
   2.36072E+04   5.81956E-01
   2.36295E+04   5.52278E-01
   2.36518E+04   5.22047E-01
   2.36742E+04   4.86212E-01
   2.36967E+04   4.50309E-01
   2.37192E+04   4.14334E-01
   2.37417E+04   3.78297E-01
   2.37643E+04   3.46322E-01
   2.37869E+04   3.16701E-01
   2.38095E+04   2.87024E-01
   2.38322E+04   2.57291E-01
   2.38550E+04   2.29535E-01
   2.38777E+04   2.09029E-01
   2.39006E+04   1.88483E-01
   2.39234E+04   1.67899E-01
   2.39464E+04   1.47277E-01
   2.39693E+04   1.32216E-01
   2.39923E+04   1.18183E-01
   2.40154E+04   1.04125E-01
   2.40385E+04   9.00388E-02
   2.40616E+04   7.87089E-02
   2.40848E+04   7.01317E-02
   2.41080E+04   6.15386E-02
   2.41313E+04   5.29288E-02
   2.41546E+04   4.50820E-02
   2.41779E+04   4.04102E-02
   2.42014E+04   3.57289E-02
   2.42248E+04   3.10387E-02
   2.42483E+04   2.63395E-02
   2.42718E+04   2.29419E-02
   2.42954E+04   1.96396E-02
   2.43191E+04   1.63307E-02
   2.43427E+04   1.30155E-02
   2.43665E+04   1.08469E-02
   2.43902E+04   9.18291E-03
   2.44141E+04   7.51563E-03
   2.44379E+04   5.84506E-03
   2.44618E+04   4.64480E-03
   2.44858E+04   3.92604E-03
   2.45098E+04   3.20586E-03
   2.45339E+04   2.48428E-03
   2.45580E+04   1.84086E-03
   2.45821E+04   1.35793E-03
   2.46063E+04   8.74023E-04
   2.46305E+04   3.89180E-04
   2.46548E+04   0.00000E+00

