# Filter 223: MUSYC B at 0.460um [added May 2010]
#  291 data points. Lines 254 to 544
   3.00000E+03   0.00000E+00
   3.90000E+03   3.29403E-05
   3.91000E+03   8.14540E-05
   3.91500E+03   1.45032E-04
   3.92000E+03   2.78019E-04
   3.92500E+03   5.56048E-04
   3.93000E+03   1.16657E-03
   3.93500E+03   2.59394E-03
   3.94000E+03   5.90487E-03
   3.94500E+03   1.24214E-02
   3.95000E+03   2.24987E-02
   3.95500E+03   3.32510E-02
   3.96000E+03   4.26962E-02
   3.96500E+03   4.92493E-02
   3.97000E+03   5.31651E-02
   3.97500E+03   5.66842E-02
   3.98000E+03   6.24838E-02
   3.98500E+03   7.20059E-02
   3.99000E+03   8.54755E-02
   3.99500E+03   1.01984E-01
   4.00000E+03   1.20022E-01
   4.00500E+03   1.37541E-01
   4.01000E+03   1.53140E-01
   4.01500E+03   1.65330E-01
   4.02000E+03   1.74301E-01
   4.02500E+03   1.81036E-01
   4.03000E+03   1.86918E-01
   4.03500E+03   1.93171E-01
   4.04000E+03   2.00662E-01
   4.04500E+03   2.09811E-01
   4.05000E+03   2.20572E-01
   4.05500E+03   2.32423E-01
   4.06000E+03   2.44968E-01
   4.06500E+03   2.57718E-01
   4.07000E+03   2.70119E-01
   4.07500E+03   2.81443E-01
   4.08000E+03   2.91240E-01
   4.08500E+03   2.99398E-01
   4.09000E+03   3.05705E-01
   4.09500E+03   3.10663E-01
   4.10000E+03   3.14796E-01
   4.10500E+03   3.18110E-01
   4.11000E+03   3.21166E-01
   4.11500E+03   3.24169E-01
   4.12000E+03   3.27625E-01
   4.12500E+03   3.31219E-01
   4.13000E+03   3.35648E-01
   4.13500E+03   3.40287E-01
   4.14000E+03   3.45552E-01
   4.14500E+03   3.51094E-01
   4.15000E+03   3.56890E-01
   4.15500E+03   3.63045E-01
   4.16000E+03   3.69312E-01
   4.16500E+03   3.75657E-01
   4.17000E+03   3.81622E-01
   4.17500E+03   3.87311E-01
   4.18000E+03   3.92906E-01
   4.18500E+03   3.98321E-01
   4.19000E+03   4.03776E-01
   4.19500E+03   4.09124E-01
   4.20000E+03   4.14469E-01
   4.20500E+03   4.19645E-01
   4.21000E+03   4.24874E-01
   4.21500E+03   4.29701E-01
   4.22000E+03   4.34342E-01
   4.22500E+03   4.38895E-01
   4.23000E+03   4.43460E-01
   4.23500E+03   4.47905E-01
   4.24000E+03   4.52217E-01
   4.24500E+03   4.56393E-01
   4.25000E+03   4.60302E-01
   4.25500E+03   4.64180E-01
   4.26000E+03   4.67931E-01
   4.26500E+03   4.71332E-01
   4.27000E+03   4.74758E-01
   4.27500E+03   4.78074E-01
   4.28000E+03   4.81364E-01
   4.28500E+03   4.84396E-01
   4.29000E+03   4.87598E-01
   4.29500E+03   4.90379E-01
   4.30000E+03   4.93181E-01
   4.30500E+03   4.95900E-01
   4.31000E+03   4.98927E-01
   4.31500E+03   5.01950E-01
   4.32000E+03   5.04950E-01
   4.32500E+03   5.08051E-01
   4.33000E+03   5.11431E-01
   4.33500E+03   5.14532E-01
   4.34000E+03   5.18085E-01
   4.34500E+03   5.21635E-01
   4.35000E+03   5.25171E-01
   4.35500E+03   5.28771E-01
   4.36000E+03   5.32296E-01
   4.36500E+03   5.35812E-01
   4.37000E+03   5.39227E-01
   4.37500E+03   5.42451E-01
   4.38000E+03   5.45484E-01
   4.38500E+03   5.48385E-01
   4.39000E+03   5.50911E-01
   4.39500E+03   5.53201E-01
   4.40000E+03   5.55247E-01
   4.40500E+03   5.57325E-01
   4.41000E+03   5.59144E-01
   4.41500E+03   5.60769E-01
   4.42000E+03   5.62057E-01
   4.42500E+03   5.63566E-01
   4.43000E+03   5.64885E-01
   4.43500E+03   5.66213E-01
   4.44000E+03   5.67611E-01
   4.44500E+03   5.69102E-01
   4.45000E+03   5.70842E-01
   4.45500E+03   5.72607E-01
   4.46000E+03   5.74646E-01
   4.46500E+03   5.77010E-01
   4.47000E+03   5.79743E-01
   4.47500E+03   5.82469E-01
   4.48000E+03   5.85712E-01
   4.48500E+03   5.88769E-01
   4.49000E+03   5.92144E-01
   4.49500E+03   5.95753E-01
   4.50000E+03   5.99217E-01
   4.50500E+03   6.02657E-01
   4.51000E+03   6.06149E-01
   4.51500E+03   6.09240E-01
   4.52000E+03   6.12338E-01
   4.52500E+03   6.15280E-01
   4.53000E+03   6.17875E-01
   4.53500E+03   6.20148E-01
   4.54000E+03   6.22376E-01
   4.54500E+03   6.24016E-01
   4.55000E+03   6.25551E-01
   4.55500E+03   6.26717E-01
   4.56000E+03   6.27612E-01
   4.56500E+03   6.28542E-01
   4.57000E+03   6.28966E-01
   4.57500E+03   6.29257E-01
   4.58000E+03   6.29308E-01
   4.58500E+03   6.29703E-01
   4.59000E+03   6.29831E-01
   4.59500E+03   6.29869E-01
   4.60000E+03   6.30152E-01
   4.60500E+03   6.30399E-01
   4.61000E+03   6.31076E-01
   4.61500E+03   6.31635E-01
   4.63000E+03   6.34023E-01
   4.63500E+03   6.35412E-01
   4.64000E+03   6.36978E-01
   4.64500E+03   6.38783E-01
   4.65000E+03   6.40664E-01
   4.65500E+03   6.42799E-01
   4.66000E+03   6.45375E-01
   4.66500E+03   6.47726E-01
   4.67000E+03   6.50134E-01
   4.67500E+03   6.52970E-01
   4.68000E+03   6.55996E-01
   4.68500E+03   6.59303E-01
   4.69000E+03   6.62112E-01
   4.69500E+03   6.65158E-01
   4.70000E+03   6.68286E-01
   4.70500E+03   6.71361E-01
   4.71000E+03   6.74413E-01
   4.71500E+03   6.77351E-01
   4.72000E+03   6.80094E-01
   4.72500E+03   6.82548E-01
   4.73000E+03   6.84850E-01
   4.73500E+03   6.86770E-01
   4.74000E+03   6.88488E-01
   4.74500E+03   6.89966E-01
   4.75000E+03   6.90870E-01
   4.75500E+03   6.91487E-01
   4.76000E+03   6.91617E-01
   4.76500E+03   6.91450E-01
   4.77000E+03   6.90772E-01
   4.77500E+03   6.89777E-01
   4.78000E+03   6.88269E-01
   4.78500E+03   6.86404E-01
   4.79000E+03   6.84393E-01
   4.79500E+03   6.81847E-01
   4.80000E+03   6.79178E-01
   4.80500E+03   6.75892E-01
   4.81000E+03   6.72635E-01
   4.81500E+03   6.69352E-01
   4.82000E+03   6.66474E-01
   4.82500E+03   6.63695E-01
   4.83000E+03   6.60890E-01
   4.83500E+03   6.58238E-01
   4.84000E+03   6.55919E-01
   4.84500E+03   6.54080E-01
   4.85000E+03   6.52694E-01
   4.85500E+03   6.52127E-01
   4.86000E+03   6.52460E-01
   4.86500E+03   6.53182E-01
   4.87000E+03   6.54944E-01
   4.87500E+03   6.57358E-01
   4.88000E+03   6.61006E-01
   4.88500E+03   6.65431E-01
   4.89000E+03   6.70054E-01
   4.89500E+03   6.75293E-01
   4.90000E+03   6.80552E-01
   4.90500E+03   6.85972E-01
   4.91000E+03   6.90719E-01
   4.91500E+03   6.95094E-01
   4.92000E+03   6.97744E-01
   4.92500E+03   6.99178E-01
   4.93000E+03   6.98640E-01
   4.93500E+03   6.95718E-01
   4.94000E+03   6.90316E-01
   4.94500E+03   6.82555E-01
   4.95000E+03   6.73136E-01
   4.95500E+03   6.61942E-01
   4.96000E+03   6.49422E-01
   4.96500E+03   6.35995E-01
   4.97000E+03   6.22539E-01
   4.97500E+03   6.10181E-01
   4.98000E+03   5.99408E-01
   4.98500E+03   5.91506E-01
   4.99000E+03   5.86872E-01
   4.99500E+03   5.86288E-01
   5.00000E+03   5.90538E-01
   5.00500E+03   5.99948E-01
   5.01000E+03   6.15424E-01
   5.01500E+03   6.36448E-01
   5.02000E+03   6.60694E-01
   5.02500E+03   6.83959E-01
   5.03000E+03   6.97562E-01
   5.03500E+03   6.92069E-01
   5.04000E+03   6.61896E-01
   5.04500E+03   6.03732E-01
   5.05000E+03   5.19172E-01
   5.05500E+03   4.19589E-01
   5.06000E+03   3.19588E-01
   5.06500E+03   2.32426E-01
   5.07000E+03   1.64947E-01
   5.07500E+03   1.15824E-01
   5.08000E+03   8.21277E-02
   5.08500E+03   5.86746E-02
   5.09000E+03   4.22559E-02
   5.09500E+03   3.08399E-02
   5.10000E+03   2.26598E-02
   5.10500E+03   1.69013E-02
   5.11000E+03   1.28624E-02
   5.11500E+03   9.87317E-03
   5.12000E+03   7.67528E-03
   5.12500E+03   6.01042E-03
   5.13000E+03   4.75752E-03
   5.13500E+03   3.81163E-03
   5.14000E+03   3.04344E-03
   5.14500E+03   2.46924E-03
   5.15000E+03   2.01606E-03
   5.15500E+03   1.64376E-03
   5.16000E+03   1.36048E-03
   5.16500E+03   1.12573E-03
   5.17000E+03   9.31447E-04
   5.17500E+03   7.85726E-04
   5.18000E+03   6.56180E-04
   5.18500E+03   5.59019E-04
   5.19000E+03   4.69942E-04
   5.20000E+03   3.48467E-04
   5.21000E+03   2.51237E-04
   5.22500E+03   1.70167E-04
   6.65500E+03   6.54237E-05
   6.67500E+03   1.46676E-04
   6.68500E+03   2.52204E-04
   6.69000E+03   3.49550E-04
   6.69500E+03   4.87352E-04
   6.70000E+03   7.46670E-04
   6.70500E+03   1.19209E-03
   6.71000E+03   1.87986E-03
   6.71500E+03   2.75274E-03
   6.72000E+03   3.47049E-03
   6.72500E+03   3.67783E-03
   6.73000E+03   3.26293E-03
   6.73500E+03   2.47748E-03
   6.74000E+03   1.70943E-03
   6.74500E+03   1.16806E-03
   6.75000E+03   8.36975E-04
   6.75500E+03   6.27125E-04
   6.76000E+03   4.89970E-04
   6.77000E+03   3.52737E-04
   6.78000E+03   2.72040E-04
   6.89500E+03   1.79883E-04
   6.92000E+03   2.80191E-04
   6.93500E+03   3.64734E-04
   6.97000E+03   4.62419E-04
   6.98500E+03   3.61075E-04
   7.00000E+03   2.45027E-04
   7.01500E+03   1.52578E-04
   7.04500E+03   7.57249E-05
   7.99000E+03   0.00000E+00
   1.16500E+04   0.00000E+00
   1.20000E+04   0.00000E+00
