# Filter 222: MUSYC U at 0.346um [added May 2010]
#  249 data points. Lines   3 to 251
   3.00000E+03   0.00000E+00
   3.00500E+03   3.41198E-05
   3.01000E+03   1.35569E-04
   3.01500E+03   3.28316E-04
   3.02000E+03   6.34533E-04
   3.02500E+03   1.06915E-03
   3.03000E+03   1.63957E-03
   3.03500E+03   2.35265E-03
   3.04000E+03   3.21362E-03
   3.04500E+03   4.23185E-03
   3.05000E+03   5.41446E-03
   3.05500E+03   6.77874E-03
   3.06000E+03   8.31107E-03
   3.06500E+03   1.00034E-02
   3.07000E+03   1.18368E-02
   3.07500E+03   1.37781E-02
   3.08000E+03   1.58118E-02
   3.08500E+03   1.79682E-02
   3.09000E+03   2.02883E-02
   3.09500E+03   2.27736E-02
   3.10000E+03   2.56315E-02
   3.10500E+03   2.87173E-02
   3.11000E+03   3.21854E-02
   3.11500E+03   3.60531E-02
   3.12000E+03   4.02306E-02
   3.12500E+03   4.45992E-02
   3.13000E+03   4.89653E-02
   3.13500E+03   5.32515E-02
   3.14000E+03   5.75719E-02
   3.14500E+03   6.17001E-02
   3.15000E+03   6.59475E-02
   3.15500E+03   7.02293E-02
   3.16000E+03   7.47800E-02
   3.16500E+03   7.98584E-02
   3.17000E+03   8.52521E-02
   3.17500E+03   9.10464E-02
   3.18000E+03   9.74157E-02
   3.18500E+03   1.04117E-01
   3.19000E+03   1.11008E-01
   3.19500E+03   1.17995E-01
   3.20000E+03   1.25352E-01
   3.20500E+03   1.27968E-01
   3.21000E+03   1.30649E-01
   3.21500E+03   1.33250E-01
   3.22000E+03   1.35875E-01
   3.22500E+03   1.38478E-01
   3.23000E+03   1.41117E-01
   3.23500E+03   1.43668E-01
   3.24000E+03   1.45966E-01
   3.24500E+03   1.48152E-01
   3.25000E+03   1.50131E-01
   3.25500E+03   1.51875E-01
   3.26000E+03   1.53230E-01
   3.26500E+03   1.54629E-01
   3.27000E+03   1.55989E-01
   3.27500E+03   1.57437E-01
   3.28000E+03   1.59079E-01
   3.28500E+03   1.60878E-01
   3.29000E+03   1.62611E-01
   3.29500E+03   1.64691E-01
   3.30000E+03   1.66720E-01
   3.30500E+03   1.68230E-01
   3.31000E+03   1.69554E-01
   3.31500E+03   1.70703E-01
   3.32000E+03   1.71636E-01
   3.32500E+03   1.72235E-01
   3.33000E+03   1.72339E-01
   3.33500E+03   1.72158E-01
   3.34000E+03   1.71501E-01
   3.34500E+03   1.70569E-01
   3.35000E+03   1.69588E-01
   3.35500E+03   1.68307E-01
   3.36000E+03   1.67014E-01
   3.36500E+03   1.66052E-01
   3.37000E+03   1.65139E-01
   3.37500E+03   1.64998E-01
   3.38000E+03   1.65142E-01
   3.38500E+03   1.65879E-01
   3.39000E+03   1.67002E-01
   3.39500E+03   1.68590E-01
   3.40000E+03   1.70175E-01
   3.40500E+03   1.72488E-01
   3.41000E+03   1.74893E-01
   3.41500E+03   1.77270E-01
   3.42000E+03   1.79321E-01
   3.42500E+03   1.81358E-01
   3.43000E+03   1.83219E-01
   3.43500E+03   1.84743E-01
   3.44000E+03   1.86160E-01
   3.44500E+03   1.87514E-01
   3.45000E+03   1.88696E-01
   3.45500E+03   1.89727E-01
   3.46000E+03   1.91118E-01
   3.46500E+03   1.92305E-01
   3.47000E+03   1.93678E-01
   3.47500E+03   1.95003E-01
   3.48000E+03   1.96529E-01
   3.48500E+03   1.97776E-01
   3.49000E+03   1.99088E-01
   3.49500E+03   2.00364E-01
   3.50000E+03   2.01348E-01
   3.50500E+03   2.02107E-01
   3.51000E+03   2.02656E-01
   3.51500E+03   2.02996E-01
   3.52000E+03   2.03268E-01
   3.52500E+03   2.03308E-01
   3.53000E+03   2.03315E-01
   3.53500E+03   2.03435E-01
   3.54000E+03   2.03268E-01
   3.54500E+03   2.03203E-01
   3.55000E+03   2.03099E-01
   3.55500E+03   2.02889E-01
   3.56000E+03   2.02895E-01
   3.56500E+03   2.02899E-01
   3.57000E+03   2.02812E-01
   3.57500E+03   2.02846E-01
   3.58000E+03   2.02971E-01
   3.58500E+03   2.02980E-01
   3.59000E+03   2.02945E-01
   3.59500E+03   2.02873E-01
   3.60000E+03   2.02794E-01
   3.60500E+03   2.04254E-01
   3.61000E+03   2.05623E-01
   3.61500E+03   2.06653E-01
   3.62000E+03   2.07683E-01
   3.62500E+03   2.08311E-01
   3.63000E+03   2.08842E-01
   3.63500E+03   2.09153E-01
   3.64000E+03   2.09374E-01
   3.64500E+03   2.09391E-01
   3.65000E+03   2.09170E-01
   3.65500E+03   2.08986E-01
   3.66000E+03   2.08726E-01
   3.66500E+03   2.08265E-01
   3.67000E+03   2.07956E-01
   3.67500E+03   2.07351E-01
   3.68000E+03   2.06550E-01
   3.68500E+03   2.05602E-01
   3.69000E+03   2.04256E-01
   3.69500E+03   2.02663E-01
   3.70000E+03   2.00729E-01
   3.70500E+03   1.98460E-01
   3.71000E+03   1.95749E-01
   3.71500E+03   1.92671E-01
   3.72000E+03   1.89363E-01
   3.72500E+03   1.85714E-01
   3.73000E+03   1.81976E-01
   3.73500E+03   1.78183E-01
   3.74000E+03   1.74421E-01
   3.74500E+03   1.70886E-01
   3.75000E+03   1.67151E-01
   3.75500E+03   1.63306E-01
   3.76000E+03   1.59369E-01
   3.76500E+03   1.55123E-01
   3.77000E+03   1.50768E-01
   3.77500E+03   1.46068E-01
   3.78000E+03   1.41137E-01
   3.78500E+03   1.36024E-01
   3.79000E+03   1.30707E-01
   3.79500E+03   1.25229E-01
   3.80000E+03   1.19322E-01
   3.80500E+03   1.13304E-01
   3.81000E+03   1.06991E-01
   3.81500E+03   1.00668E-01
   3.82000E+03   9.42126E-02
   3.82500E+03   8.78460E-02
   3.83000E+03   8.15839E-02
   3.83500E+03   7.52671E-02
   3.84000E+03   6.91115E-02
   3.84500E+03   6.31045E-02
   3.85000E+03   5.72752E-02
   3.85500E+03   5.18269E-02
   3.86000E+03   4.64941E-02
   3.86500E+03   4.15619E-02
   3.87000E+03   3.68688E-02
   3.87500E+03   3.24492E-02
   3.88000E+03   2.83312E-02
   3.88500E+03   2.45940E-02
   3.89000E+03   2.11946E-02
   3.89500E+03   1.81209E-02
   3.90000E+03   1.53596E-02
   3.90500E+03   1.29160E-02
   3.91000E+03   1.07375E-02
   3.91500E+03   8.89532E-03
   3.92000E+03   7.29191E-03
   3.92500E+03   5.92461E-03
   3.93000E+03   4.76557E-03
   3.93500E+03   3.79577E-03
   3.94000E+03   2.99032E-03
   3.94500E+03   2.34367E-03
   3.95000E+03   1.81367E-03
   3.95500E+03   1.39366E-03
   3.96000E+03   1.08660E-03
   3.96500E+03   8.32234E-04
   3.97000E+03   6.31969E-04
   3.97500E+03   4.65809E-04
   3.98000E+03   3.40055E-04
   3.98500E+03   2.39421E-04
   3.99000E+03   1.70040E-04
   4.00000E+03   8.35960E-05
   7.99000E+03   5.64581E-06
   8.25500E+03   7.43505E-05
   8.49500E+03   1.08637E-04
   1.04000E+04   4.10818E-06
   1.05300E+04   5.51688E-06
   1.06100E+04   6.67614E-06
   1.06450E+04   7.81336E-06
   1.06750E+04   8.74271E-06
   1.07000E+04   9.68429E-06
   1.07200E+04   1.05452E-05
   1.07350E+04   1.12764E-05
   1.07500E+04   1.19832E-05
   1.07650E+04   1.27585E-05
   1.07800E+04   1.34507E-05
   1.07900E+04   1.40719E-05
   1.08000E+04   1.45757E-05
   1.08100E+04   1.51480E-05
   1.08200E+04   1.56714E-05
   1.08300E+04   1.62975E-05
   1.08400E+04   1.66693E-05
   1.08450E+04   1.69824E-05
   1.08500E+04   1.72416E-05
   1.08550E+04   1.74471E-05
   1.08600E+04   1.75987E-05
   1.08650E+04   1.78286E-05
   1.08700E+04   1.79314E-05
   1.08750E+04   1.80366E-05
   1.08800E+04   1.80782E-05
   1.08850E+04   1.80562E-05
   1.08900E+04   1.80244E-05
   1.08950E+04   1.79241E-05
   1.09000E+04   1.77554E-05
   1.09050E+04   1.75647E-05
   1.09100E+04   1.73006E-05
   1.09150E+04   1.69631E-05
   1.09200E+04   1.65131E-05
   1.09250E+04   1.60680E-05
   1.09300E+04   1.55104E-05
   1.09350E+04   1.48477E-05
   1.09400E+04   1.41458E-05
   1.09450E+04   1.33167E-05
   1.09500E+04   1.24485E-05
   1.09550E+04   1.14678E-05
   1.09600E+04   1.04480E-05
   1.09650E+04   9.34743E-06
   1.09700E+04   8.18818E-06
   1.09800E+04   5.63490E-06
   1.09900E+04   2.88594E-06
   1.10300E+04   0.00000E+00
