# Filter 224: MUSYC V at 0.538um [added May 2010]
#  252 data points. Lines 547 to 798
   3.00000E+03   0.00000E+00
   4.74000E+03   7.55991E-06
   4.78500E+03   8.40104E-05
   4.79000E+03   1.60598E-04
   4.79500E+03   2.68022E-04
   4.80000E+03   4.75416E-04
   4.80500E+03   8.21572E-04
   4.81000E+03   1.37624E-03
   4.81500E+03   2.22494E-03
   4.82000E+03   3.39196E-03
   4.82500E+03   4.98665E-03
   4.83000E+03   7.24257E-03
   4.83500E+03   1.03636E-02
   4.84000E+03   1.44926E-02
   4.84500E+03   1.98820E-02
   4.85000E+03   2.67543E-02
   4.85500E+03   3.49674E-02
   4.86000E+03   4.47138E-02
   4.86500E+03   5.60227E-02
   4.87000E+03   6.84863E-02
   4.87500E+03   8.25080E-02
   4.88000E+03   9.79137E-02
   4.88500E+03   1.14246E-01
   4.89000E+03   1.31367E-01
   4.89500E+03   1.48887E-01
   4.90000E+03   1.66666E-01
   4.90500E+03   1.84798E-01
   4.91000E+03   2.03206E-01
   4.91500E+03   2.21754E-01
   4.92000E+03   2.40167E-01
   4.92500E+03   2.58651E-01
   4.93000E+03   2.77071E-01
   4.93500E+03   2.95450E-01
   4.94000E+03   3.13971E-01
   4.94500E+03   3.32833E-01
   4.95000E+03   3.50955E-01
   4.95500E+03   3.69058E-01
   4.96000E+03   3.87168E-01
   4.96500E+03   4.05227E-01
   4.97000E+03   4.23053E-01
   4.97500E+03   4.40931E-01
   4.98000E+03   4.58278E-01
   4.98500E+03   4.75572E-01
   4.99000E+03   4.92003E-01
   4.99500E+03   5.08033E-01
   5.00000E+03   5.23404E-01
   5.00500E+03   5.37832E-01
   5.01000E+03   5.51243E-01
   5.01500E+03   5.63604E-01
   5.02000E+03   5.74866E-01
   5.02500E+03   5.85029E-01
   5.03000E+03   5.93826E-01
   5.03500E+03   6.01216E-01
   5.04000E+03   6.07279E-01
   5.04500E+03   6.12311E-01
   5.05000E+03   6.16806E-01
   5.05500E+03   6.20277E-01
   5.06000E+03   6.22895E-01
   5.06500E+03   6.24593E-01
   5.07000E+03   6.25938E-01
   5.07500E+03   6.26412E-01
   5.08000E+03   6.26774E-01
   5.09000E+03   6.26875E-01
   5.09500E+03   6.26880E-01
   5.10000E+03   6.27177E-01
   5.10500E+03   6.27627E-01
   5.11000E+03   6.28368E-01
   5.11500E+03   6.29376E-01
   5.12000E+03   6.31064E-01
   5.12500E+03   6.32930E-01
   5.13000E+03   6.35606E-01
   5.13500E+03   6.38193E-01
   5.14000E+03   6.41899E-01
   5.14500E+03   6.45331E-01
   5.15000E+03   6.49195E-01
   5.15500E+03   6.53658E-01
   5.16000E+03   6.58139E-01
   5.16500E+03   6.63009E-01
   5.17000E+03   6.67969E-01
   5.17500E+03   6.72889E-01
   5.18000E+03   6.77486E-01
   5.18500E+03   6.82222E-01
   5.19000E+03   6.86601E-01
   5.19500E+03   6.90714E-01
   5.20000E+03   6.94155E-01
   5.20500E+03   6.97475E-01
   5.21000E+03   7.00101E-01
   5.21500E+03   7.01986E-01
   5.22000E+03   7.03458E-01
   5.22500E+03   7.04411E-01
   5.23000E+03   7.04667E-01
   5.23500E+03   7.04379E-01
   5.24000E+03   7.03493E-01
   5.24500E+03   7.02015E-01
   5.25000E+03   7.00367E-01
   5.25500E+03   6.98419E-01
   5.26000E+03   6.96196E-01
   5.26500E+03   6.93451E-01
   5.27000E+03   6.90657E-01
   5.27500E+03   6.87651E-01
   5.28000E+03   6.84760E-01
   5.28500E+03   6.81642E-01
   5.29000E+03   6.78402E-01
   5.29500E+03   6.75414E-01
   5.30000E+03   6.72604E-01
   5.30500E+03   6.69980E-01
   5.31000E+03   6.67510E-01
   5.31500E+03   6.65324E-01
   5.32000E+03   6.63316E-01
   5.32500E+03   6.61560E-01
   5.33000E+03   6.60135E-01
   5.33500E+03   6.58929E-01
   5.34000E+03   6.57958E-01
   5.34500E+03   6.57315E-01
   5.35000E+03   6.56786E-01
   5.35500E+03   6.56507E-01
   5.36000E+03   6.56301E-01
   5.36500E+03   6.56030E-01
   5.37000E+03   6.56188E-01
   5.38000E+03   6.56431E-01
   5.39000E+03   6.56731E-01
   5.39500E+03   6.56946E-01
   5.40000E+03   6.57168E-01
   5.41000E+03   6.57055E-01
   5.41500E+03   6.56937E-01
   5.42000E+03   6.56779E-01
   5.42500E+03   6.56466E-01
   5.43000E+03   6.56170E-01
   5.43500E+03   6.55340E-01
   5.44000E+03   6.54768E-01
   5.44500E+03   6.53822E-01
   5.45000E+03   6.52924E-01
   5.45500E+03   6.51775E-01
   5.46000E+03   6.50569E-01
   5.46500E+03   6.49169E-01
   5.47000E+03   6.47825E-01
   5.47500E+03   6.46255E-01
   5.48000E+03   6.44693E-01
   5.48500E+03   6.43017E-01
   5.49000E+03   6.40879E-01
   5.49500E+03   6.38863E-01
   5.50000E+03   6.36572E-01
   5.50500E+03   6.34415E-01
   5.51000E+03   6.32124E-01
   5.51500E+03   6.29532E-01
   5.52000E+03   6.27028E-01
   5.52500E+03   6.24473E-01
   5.53000E+03   6.21722E-01
   5.53500E+03   6.19050E-01
   5.54000E+03   6.15955E-01
   5.54500E+03   6.13069E-01
   5.55000E+03   6.10165E-01
   5.55500E+03   6.07122E-01
   5.56000E+03   6.03940E-01
   5.56500E+03   6.01108E-01
   5.57000E+03   5.97699E-01
   5.57500E+03   5.94580E-01
   5.58000E+03   5.91217E-01
   5.58500E+03   5.87910E-01
   5.59000E+03   5.84740E-01
   5.59500E+03   5.81300E-01
   5.60000E+03   5.78046E-01
   5.60500E+03   5.74816E-01
   5.61000E+03   5.71495E-01
   5.61500E+03   5.67961E-01
   5.62000E+03   5.64499E-01
   5.62500E+03   5.60848E-01
   5.63000E+03   5.57343E-01
   5.63500E+03   5.53647E-01
   5.64000E+03   5.49656E-01
   5.64500E+03   5.45860E-01
   5.65000E+03   5.41728E-01
   5.65500E+03   5.37480E-01
   5.66000E+03   5.33158E-01
   5.66500E+03   5.28598E-01
   5.67000E+03   5.24117E-01
   5.67500E+03   5.19203E-01
   5.68000E+03   5.14475E-01
   5.68500E+03   5.09917E-01
   5.69000E+03   5.05374E-01
   5.69500E+03   5.00445E-01
   5.70000E+03   4.95205E-01
   5.70500E+03   4.89742E-01
   5.71000E+03   4.84082E-01
   5.71500E+03   4.78492E-01
   5.72000E+03   4.72974E-01
   5.72500E+03   4.67231E-01
   5.73000E+03   4.61609E-01
   5.73500E+03   4.55943E-01
   5.74000E+03   4.50249E-01
   5.74500E+03   4.44398E-01
   5.75000E+03   4.38682E-01
   5.75500E+03   4.33209E-01
   5.76000E+03   4.27529E-01
   5.76500E+03   4.22116E-01
   5.77000E+03   4.16667E-01
   5.77500E+03   4.11298E-01
   5.78000E+03   4.06209E-01
   5.78500E+03   4.01033E-01
   5.79000E+03   3.96170E-01
   5.79500E+03   3.91374E-01
   5.80000E+03   3.86762E-01
   5.80500E+03   3.82349E-01
   5.81000E+03   3.78302E-01
   5.81500E+03   3.74644E-01
   5.82000E+03   3.71319E-01
   5.82500E+03   3.68270E-01
   5.83000E+03   3.65671E-01
   5.83500E+03   3.63185E-01
   5.84000E+03   3.60769E-01
   5.84500E+03   3.58044E-01
   5.85000E+03   3.54524E-01
   5.85500E+03   3.49464E-01
   5.86000E+03   3.42027E-01
   5.86500E+03   3.30952E-01
   5.87000E+03   3.15582E-01
   5.87500E+03   2.95217E-01
   5.88000E+03   2.70116E-01
   5.88500E+03   2.40854E-01
   5.89000E+03   2.08478E-01
   5.89500E+03   1.76535E-01
   5.90000E+03   1.47405E-01
   5.90500E+03   1.21580E-01
   5.91000E+03   9.84419E-02
   5.91500E+03   7.75749E-02
   5.92000E+03   6.03978E-02
   5.92500E+03   4.65797E-02
   5.93000E+03   3.57232E-02
   5.93500E+03   2.73559E-02
   5.94000E+03   2.09634E-02
   5.94500E+03   1.61894E-02
   5.95000E+03   1.25857E-02
   5.95500E+03   9.79548E-03
   5.96000E+03   7.66106E-03
   5.96500E+03   5.99987E-03
   5.97000E+03   4.72893E-03
   5.97500E+03   3.77357E-03
   5.98000E+03   3.01752E-03
   5.98500E+03   2.42772E-03
   5.99000E+03   1.96246E-03
   5.99500E+03   1.59684E-03
   6.00000E+03   1.31429E-03
   6.00500E+03   1.07289E-03
   6.01000E+03   8.89784E-04
   6.01500E+03   7.31674E-04
   6.02000E+03   6.06864E-04
   6.03000E+03   4.15534E-04
   6.04000E+03   2.99093E-04
   6.05500E+03   1.82695E-04
   6.08000E+03   9.97309E-05
   7.99000E+03   5.64581E-06
   1.20000E+04   0.00000E+00

