# microns             throughput             
  5501.500244140625   2.0153511585248295E-9  
  5511.500244140625   2.5122976852062517E-9  
  5521.500244140625   3.484316383695734E-9   
  5531.500244140625   4.624211276488756E-9   
  5541.500244140625   4.613286001042868E-9   
  5551.500244140625   4.728399404723397E-9   
  5561.500244140625   4.746432718547391E-9   
  5571.500244140625   5.2622297312672616E-9  
  5581.500244140625   5.1770855609880784E-9  
  5591.500244140625   4.541431882519752E-9   
  5601.500244140625   4.201937495882429E-9   
  5611.500244140625   4.4298084119373014E-9  
  5621.500244140625   4.39645993586598E-9    
  5631.500244140625   4.6483168932609204E-9  
  5641.500244140625   5.02348562349605E-9    
  5651.500244140625   5.950852877144286E-9   
  5661.500244140625   7.521249429054866E-9   
  5671.500244140625   8.08725753160212E-9    
  5681.500244140625   9.9596650299105E-9     
  5691.500244140625   9.36856382499047E-9    
  5701.500244140625   1.0941324782673143E-8  
  5711.500244140625   1.0849110955493692E-8  
  5721.500244140625   1.240531881969022E-8   
  5731.500244140625   1.0896573964357285E-8  
  5741.500244140625   1.0143093116903977E-8  
  5751.500244140625   9.86350744515377E-9    
  5761.500244140625   1.1944177729111983E-8  
  5771.500244140625   1.409785471361712E-8   
  5781.500244140625   1.5574493608875515E-8  
  5791.500244140625   1.7814543405676935E-8  
  5801.500244140625   2.1886723012732378E-8  
  5811.500244140625   2.6412432482906203E-8  
  5821.500244140625   2.8949399826075355E-8  
  5831.500244140625   3.049760397487637E-8   
  5841.500244140625   2.98647625908436E-8    
  5851.500244140625   2.9507611197965345E-8  
  5861.500244140625   2.9169417257530397E-8  
  5871.500244140625   3.5814332054288544E-8  
  5881.500244140625   4.095204040149142E-8   
  5891.500244140625   4.480144648905149E-8   
  5901.500244140625   4.946106707154706E-8   
  5911.500244140625   5.247747807777424E-8   
  5921.500244140625   5.960492008028328E-8   
  5931.500244140625   6.265445492275084E-8   
  5941.500244140625   7.662207228498366E-8   
  5951.500244140625   8.584355822006678E-8   
  5961.500244140625   1.0003382456450788E-7  
  5971.500244140625   1.5038498702015116E-7  
  5981.500244140625   3.3878765049727846E-7  
  5991.500244140625   1.1594924124776826E-6  
  6001.500244140625   3.973838385793771E-6   
  6011.500244140625   1.491697217345788E-5   
  6021.500244140625   7.231600269043916E-5   
  6031.500244140625   3.0996068662858127E-4  
  6041.500244140625   0.0012375376628281016  
  6051.500244140625   0.004097643703382749   
  6061.500244140625   0.010342038217888363   
  6071.500244140625   0.020728065909891017   
  6081.500244140625   0.03450906985618329    
  6091.500244140625   0.04945485086519808    
  6101.500244140625   0.06323273732296081    
  6111.500244140625   0.07432329640898833    
  6121.500244140625   0.08259606894430213    
  6131.500244140625   0.08847119104595703    
  6141.500244140625   0.09313234639328988    
  6151.500244140625   0.09709096872742948    
  6161.500244140625   0.1013079971061109     
  6171.500244140625   0.105977024888076      
  6181.500244140625   0.11077082004750177    
  6191.500244140625   0.11556458421880422    
  6201.500244140625   0.11984462847634231    
  6211.500244140625   0.12327877003210105    
  6221.500244140625   0.12611365680359643    
  6231.500244140625   0.12823155599772385    
  6241.500244140625   0.1302474414066986     
  6251.500244140625   0.13192027672804488    
  6261.500244140625   0.13317802596260775    
  6271.500244140625   0.13417819757705302    
  6281.500244140625   0.1348870920781518     
  6291.500244140625   0.13526769109861314    
  6301.500244140625   0.13552103485003442    
  6311.500244140625   0.13566131360825823    
  6321.500244140625   0.13590155669927126    
  6331.500244140625   0.13715573593307007    
  6341.500244140625   0.13927655509073944    
  6351.500244140625   0.1418304330205677     
  6361.500244140625   0.14464644912801589    
  6371.500244140625   0.14706036294204733    
  6381.500244140625   0.14900870949372413    
  6391.500244140625   0.15076615827807766    
  6401.500244140626   0.1522043555338486     
  6411.500244140626   0.15392440816422853    
  6421.500244140626   0.15567328052612545    
  6431.500244140626   0.1571619918209955     
  6441.500244140626   0.15839082446253772    
  6451.500244140626   0.1592835940979106     
  6461.500244140626   0.15998420546780598    
  6471.500244140626   0.16080749308535625    
  6481.500244140626   0.16198276246698895    
  6491.500244140626   0.1633596941509578     
  6501.500244140626   0.1651129714323546     
  6511.500244140624   0.16638485556320254    
  6521.500244140624   0.1672361855955182     
  6531.500244140624   0.16780067285842837    
  6541.500244140624   0.1680328847302602     
  6551.500244140624   0.16792730896370095    
  6561.500244140624   0.1679288999346701     
  6571.500244140624   0.16763145862959294    
  6581.500244140624   0.16751082663744804    
  6591.500244140624   0.1678433993329274     
  6601.500244140624   0.1687283241160804     
  6611.500244140624   0.16969938250427014    
  6621.500244140625   0.17130034928758495    
  6631.500244140625   0.17346394887759126    
  6641.500244140625   0.17605484719950076    
  6651.500244140625   0.17839820817865876    
  6661.500244140625   0.18020328509794226    
  6671.500244140625   0.18098041221691114    
  6681.500244140625   0.1812663038709935     
  6691.500244140625   0.1813913925377755     
  6701.500244140625   0.1811885841828201     
  6711.500244140625   0.1807867449932793     
  6721.500244140625   0.18036130654590699    
  6731.500244140625   0.18027153039519117    
  6741.500244140625   0.1801032222438172     
  6751.500244140625   0.1799418987907036     
  6761.500244140625   0.18031918306318898    
  6771.500244140625   0.18114668488872965    
  6781.500244140625   0.18209892541857486    
  6791.500244140625   0.18377808512673277    
  6801.500244140625   0.18604986635646664    
  6811.500244140625   0.18819870602610186    
  6821.500244140625   0.18976460408494644    
  6831.500244140625   0.19071365627627365    
  6841.500244140625   0.19193090571687849    
  6851.500244140625   0.19286361688482384    
  6861.500244140625   0.19400216904835205    
  6871.500244140625   0.19490625923701302    
  6881.500244140625   0.1960675379022133     
  6891.500244140625   0.19764668319886602    
  6901.500244140625   0.19891256204260016    
  6911.500244140625   0.1992660680125651     
  6921.500244140625   0.19833269752475474    
  6931.500244140625   0.1962060483617662     
  6941.500244140625   0.19335060612779315    
  6951.500244140625   0.19019187943799049    
  6961.500244140625   0.1879008507645606     
  6971.500244140625   0.18708064372141575    
  6981.500244140625   0.1878946158306704     
  6991.500244140625   0.19033715427658648    
  7001.500244140625   0.19383632392206146    
  7011.500244140625   0.19793829873644248    
  7021.500244140625   0.20098836735730208    
  7031.500244140625   0.20363491043995444    
  7041.500244140625   0.2053751933933792     
  7051.500244140625   0.2060293192042411     
  7061.500244140625   0.2068450681549487     
  7071.500244140625   0.2073910418930841     
  7081.500244140625   0.2085499252079217     
  7091.500244140625   0.2099641899332526     
  7101.500244140625   0.21025308484812377    
  7111.500244140625   0.20984583458942552    
  7121.500244140625   0.2080119074912046     
  7131.500244140625   0.20585892889431767    
  7141.500244140625   0.20422194347753939    
  7151.500244140625   0.20380405903942       
  7161.500244140625   0.2040448535684258     
  7171.500244140625   0.20429178027296518    
  7181.500244140625   0.20374551003434965    
  7191.500244140625   0.20200878283645296    
  7201.500244140625   0.19975982316850416    
  7211.500244140625   0.19814003641373842    
  7221.500244140625   0.19867720980027326    
  7231.500244140625   0.20181974075422604    
  7241.500244140625   0.2068236565849158     
  7251.500244140625   0.21280938293256735    
  7261.500244140625   0.21864532434101192    
  7271.500244140625   0.22336281792145082    
  7281.500244140625   0.22658859415534993    
  7291.500244140625   0.228757258887424      
  7301.500244140625   0.22988506727131752    
  7311.500244140625   0.2293961971512835     
  7321.500244140625   0.22843227926957282    
  7331.500244140625   0.22666024258873718    
  7341.500244140625   0.22406740025202943    
  7351.500244140625   0.22145348066258236    
  7361.500244140625   0.21925751367076546    
  7371.500244140625   0.2177863509080662     
  7381.500244140625   0.2175620830129154     
  7391.500244140625   0.21824283501142658    
  7401.500244140625   0.21901364062776887    
  7411.500244140625   0.21995395922339878    
  7421.500244140625   0.22066522367108538    
  7431.500244140625   0.22208585663826133    
  7441.500244140625   0.22477860032609193    
  7451.500244140625   0.2285422220467931     
  7461.500244140625   0.2322788480629385     
  7471.500244140625   0.23642574077420508    
  7481.500244140625   0.23939515872978445    
  7491.500244140625   0.24184107577637992    
  7501.500244140625   0.2430293485296937     
  7511.500244140625   0.24355065062533093    
  7521.500244140625   0.24346967034623512    
  7531.500244140625   0.24172316259583168    
  7541.500244140625   0.23905324721958476    
  7551.500244140625   0.2348947996511813     
  7561.500244140625   0.23049799775575402    
  7571.500244140625   0.226996193501688      
  7581.500244140625   0.22518885900956287    
  7591.500244140625   0.22438454574477731    
  7601.500244140625   0.2247380875423774     
  7611.500244140625   0.225586998082693      
  7621.500244140625   0.2265970128199365     
  7631.500244140625   0.22892798773841372    
  7641.500244140625   0.23225189166462107    
  7651.500244140626   0.23695476975263768    
  7661.500244140626   0.2418522201378553     
  7671.500244140626   0.2460404908560682     
  7681.500244140626   0.24792417992534255    
  7691.500244140626   0.24801454483627156    
  7701.500244140626   0.2467299295382474     
  7711.500244140626   0.2443732334413033     
  7721.500244140626   0.2418023111761769     
  7731.500244140626   0.23809484116723464    
  7741.500244140626   0.23377671193956032    
  7751.500244140626   0.22837022675494234    
  7761.500244140624   0.22204590938581548    
  7771.500244140624   0.21307832614034025    
  7781.500244140624   0.19958320558789117    
  7791.500244140624   0.1805811428129025     
  7801.500244140624   0.15682315702067967    
  7811.500244140624   0.13033421896950603    
  7821.500244140624   0.10358532167663001    
  7831.500244140624   0.07883057806834694    
  7841.500244140624   0.057637211425876723   
  7851.500244140624   0.04064655750704581    
  7861.500244140624   0.02772620234133897    
  7871.500244140625   0.018528017955874866   
  7881.500244140625   0.012305009414070745   
  7891.500244140625   0.008268736521467104   
  7901.500244140625   0.00570613995669849    
  7911.500244140625   0.004000835068065059   
  7921.500244140625   0.0028694835449864374  
  7931.500244140625   0.0020392187860667804  
  7941.500244140625   0.0014646123258694806  
  7951.500244140625   0.001067755666775346   
  7961.500244140625   7.847460686968327E-4   
  7971.500244140625   5.810878684321178E-4   
  7981.500244140625   4.3243160612671733E-4  
  7991.500244140625   3.246020508088796E-4   
  8001.500244140625   2.461027187870586E-4   
  8011.500244140625   1.876649335414292E-4   
  8021.500244140625   1.437416579213508E-4   
  8031.500244140625   1.1120769910434366E-4  
  8041.500244140625   8.688533358830905E-5   
  8051.500244140625   6.876913418539633E-5   
  8061.500244140625   5.509061997565019E-5   
  8071.500244140625   4.4611492578377335E-5  
  8081.500244140625   3.648487738611109E-5   
  8091.500244140625   3.0151681845408395E-5  
  8101.500244140625   2.5206779837059595E-5  
  8111.500244140625   2.112769128235836E-5   
  8121.500244140625   1.7991069809937773E-5  
  8131.500244140625   1.5453460090983462E-5  
  8141.500244140625   1.3535097960478608E-5  
  8151.500244140625   1.2022530003165793E-5  
  8161.500244140625   1.0932998440157676E-5  
  8171.500244140625   9.970629638741823E-6   
  8181.500244140625   9.15390208663687E-6    
  8191.500244140625   8.373965291571396E-6   
  8201.500244140625   7.790356688820837E-6   
  8211.500244140625   7.302144756401763E-6   
  8221.500244140625   6.95241515122465E-6    
  8231.500244140625   6.60664038326591E-6    
  8241.500244140625   6.3246148167656745E-6  
  8251.500244140625   6.013001442354177E-6   
  8261.500244140625   5.801953104857371E-6   
  8271.500244140625   5.644171173753056E-6   
  8281.500244140625   5.572830524246222E-6   
  8291.500244140625   5.443054675456466E-6   
  8301.500244140625   5.224839083269805E-6   
  8311.500244140625   5.003214001330393E-6   
  8321.500244140625   4.889000046018493E-6   
  8331.500244140625   4.930732198426758E-6   
  8341.500244140625   4.984059096443917E-6   
  8351.500244140625   4.869967715727606E-6   
  8361.500244140625   4.5237554551902534E-6  
  8371.500244140625   4.083047354870499E-6   
  8381.500244140625   3.6767656717068335E-6  
  8391.500244140625   3.512242957618592E-6   
  8401.500244140625   3.5979745288179463E-6  
  8411.500244140625   3.879423072646014E-6   
  8421.500244140625   4.142605964021434E-6   
  8431.500244140625   4.187885697403701E-6   
  8441.500244140625   4.099221110153961E-6   
  8451.500244140625   3.789270284043472E-6   
  8461.500244140625   3.4958022241316294E-6  
  8471.500244140625   3.0890965465128316E-6  
  8481.500244140625   2.786560565345308E-6   
  8491.500244140625   2.565388979618373E-6   
  8501.500244140625   2.6379069109510186E-6  
  8511.500244140625   2.9710729820449858E-6  
  8521.500244140625   3.3913512200406207E-6  
  8531.500244140625   3.571567453889856E-6   
  8541.500244140625   3.301847965981879E-6   
  8551.500244140625   2.743303702384575E-6   
  8561.500244140625   2.2282194194879417E-6  
  8571.500244140625   2.1531857406638328E-6  
  8581.500244140625   2.406319150084773E-6   
  8591.500244140625   2.7397723655561767E-6  
  8601.500244140625   2.9910048274885725E-6  
  8611.500244140625   2.804661735026404E-6   
  8621.500244140625   2.441602717313056E-6   
  8631.500244140625   2.2205555291696564E-6  
  8641.500244140625   2.201529115169921E-6   
  8651.500244140625   2.3822135965875537E-6  
  8661.500244140625   2.1214475017875255E-6  
  8671.500244140625   1.7256331859379853E-6  
  8681.500244140625   1.2611148814132515E-6  
  8691.500244140625   8.549031345137224E-7   
  8701.500244140625   8.471439001145664E-7   
  8711.500244140625   9.31206555588187E-7    
  8721.500244140625   1.3698849444039625E-6  
  8731.500244140625   1.6453016084830494E-6  
  8741.500244140625   1.6375625451664053E-6  
  8751.500244140625   1.1430542883003493E-6  
  8761.500244140625   6.154326717236849E-7   
  8771.500244140625   3.778291472668469E-7   
  8781.500244140625   4.2668295350467205E-7  
  8791.500244140625   7.593566990184466E-7   
  8801.500244140625   9.735187386184248E-7   
  8811.500244140625   1.3196390868350294E-6  
  8821.500244140625   1.0397868424668836E-6  
  8831.500244140625   1.0562779473902377E-6  
  8841.500244140625   9.752360678250557E-7   
  8851.500244140625   9.979518204127284E-7   
  8861.500244140625   7.820401341540357E-7   
  8871.500244140625   4.328772307043081E-7   
  8881.500244140625   3.4663082185261933E-7  
  8891.500244140625   3.884105521452157E-7   
  8901.500244140625   5.337499271919129E-7   
  8911.500244140625   6.227791994127232E-7   
  8921.500244140625   7.451701230599595E-7   
  8931.500244140625   6.587871221410724E-7   
  8941.500244140625   5.563155853140678E-7   
  8951.500244140625   1.2631786953295512E-6  
  8961.500244140625   2.072217752323361E-6   
  8971.500244140625   6.836689943019585E-6   
  8981.500244140625   1.0513264607307917E-5  
  8991.500244140625   1.395114084423045E-5   
  9001.500244140625   1.3026773049301446E-5  
  9011.500244140625   1.2459666384406708E-5  
  9021.500244140625   1.2361667341092955E-5  
  9031.500244140625   1.2250610130184266E-5  
  9041.500244140625   1.2073168207878118E-5  
  9051.500244140625   1.1670343651753841E-5  
  9061.500244140625   1.2485057939564613E-5  
  9071.500244140625   1.3182570982924235E-5  
  9081.500244140625   1.3238420088088543E-5  
  9091.500244140625   1.2399310993374632E-5  
  9101.500244140625   1.141278774801296E-5   
  9111.500244140625   1.1350498319090929E-5  
  9121.500244140625   1.0992987975502074E-5  
  9131.500244140625   1.0650285845208358E-5  
  9141.500244140625   1.0290950661627745E-5  
  9151.500244140625   1.0383513254543059E-5  
  9161.500244140625   1.0181830203333498E-5  
  9171.500244140625   1.0057193669126243E-5  
  9181.500244140625   9.755474685186363E-6   
  9191.500244140625   9.505582687511412E-6   
  9201.500244140625   8.941448692418382E-6   
  9211.500244140625   8.924814114646853E-6   
  9221.500244140625   9.105635723582038E-6   
  9231.500244140625   9.214194516907181E-6   
  9241.500244140625   8.861967644079778E-6   
  9251.500244140625   8.092378482994094E-6   
  9261.500244140625   7.864062672059585E-6   
  9271.500244140625   7.635069646410721E-6   
  9281.500244140625   8.028333362999706E-6   
  9291.500244140625   7.734342914990534E-6   
  9301.500244140625   7.72123025268377E-6    
  9311.500244140625   7.560412082654516E-6   
  9321.500244140625   7.998631270603852E-6   
  9331.500244140625   8.160814295908905E-6   
  9341.500244140625   8.352319028517102E-6   
  9351.500244140625   7.988123685027876E-6   
  9361.500244140625   7.508369716096083E-6   
  9371.500244140625   7.376379480040043E-6   
  9381.500244140625   7.179280646789356E-6   
  9391.500244140625   7.060800063896913E-6   
  9401.500244140625   7.020916545689577E-6   
  9411.500244140625   6.842842967327297E-6   
  9421.500244140625   7.239289374487725E-6   
  9431.500244140625   6.7177112272485045E-6  
  9441.500244140625   6.613001304507174E-6   
  9451.500244140625   6.233529763321237E-6   
  9461.500244140625   6.100856868164352E-6   
  9471.500244140625   6.240351734637261E-6   
  9481.500244140625   6.231207859740931E-6   
  9491.500244140625   6.3747292908344065E-6  
  9501.500244140625   5.968975492717666E-6   
  9511.500244140625   5.969962137550114E-6   
  9521.500244140625   5.697366831409714E-6   
  9531.500244140625   5.8234646080729174E-6  
  9541.500244140625   5.253127279933546E-6   
  9551.500244140625   5.2692718857882074E-6  
  9561.500244140625   5.327564633798936E-6   
  9571.500244140625   5.5906925607155E-6     
  9581.500244140625   5.757745246074415E-6   
  9591.500244140625   5.613001095439509E-6   
  9601.500244140625   5.648185430851056E-6   
  9611.500244140625   5.316370928429148E-6   
  9621.500244140625   5.1221271327638105E-6  
  9631.500244140625   4.974725088257793E-6   
  9641.500244140625   4.927925363700806E-6   
  9651.500244140625   5.16401533129428E-6    
  9661.500244140625   5.01006823792575E-6    
  9671.500244140625   4.964440708437983E-6   
  9681.500244140625   4.774744184055476E-6   
  9691.500244140625   4.7302158538238885E-6  
  9701.500244140625   4.776373415219396E-6   
  9711.500244140625   4.6931726788799745E-6  
  9721.500244140625   4.532925199587617E-6   
  9731.500244140625   4.312515292004531E-6   
  9741.500244140625   4.188057033700175E-6   
  9751.500244140625   4.241088003732486E-6   
  9761.500244140625   4.27922109315459E-6    
  9771.500244140625   4.467738079734024E-6   
  9781.500244140625   4.389783001497247E-6   
  9791.500244140625   4.326105222597698E-6   
  9801.500244140625   4.350209535046024E-6   
  9811.500244140625   4.600654845105332E-6   
  9821.500244140625   4.680035907200572E-6   
  9831.500244140625   4.6016382016006456E-6  
  9841.500244140625   4.4646185439562574E-6  
  9851.500244140625   4.333494266115265E-6   
  9861.500244140625   4.182915358113222E-6   
  9871.500244140625   3.985004382477886E-6   
  9881.500244140625   4.045709811307988E-6   
  9891.500244140625   4.039589135250203E-6   
  9901.500244140625   4.152639486896114E-6   
  9911.500244140625   4.145798192966558E-6   
  9921.500244140625   4.057588405344171E-6   
  9931.500244140625   3.869379377883226E-6   
  9941.500244140625   3.857453830375916E-6   
  9951.500244140625   3.7869626715243423E-6  
  9961.500244140625   3.987910055730195E-6   
  9971.500244140625   3.960713385839984E-6   
  9981.500244140625   3.9458691745761865E-6  
  9991.500244140625   3.83105323642136E-6    
  10001.500244140625  3.658750382440049E-6   
  10011.500244140625  3.702353994346145E-6   
  10021.500244140625  3.6960240099148337E-6  
  10031.500244140625  3.778767834983554E-6   
  10041.500244140625  3.749828311646258E-6   
  10051.500244140625  3.756412749784523E-6   
  10061.500244140625  3.698262735082511E-6   
  10071.500244140625  3.7404715839443087E-6  
  10081.500244140625  3.6283771247768557E-6  
  10091.500244140625  3.769768222790597E-6   
  10101.500244140625  3.6655836807195233E-6  
  10111.500244140625  3.84651102080262E-6    
  10121.500244140625  3.600064455380167E-6   
  10131.500244140625  3.6318509927408692E-6  
  10141.500244140625  3.5112988596710635E-6  
  10151.500244140625  3.4857549480815585E-6  
  10161.500244140625  3.2902346650455764E-6  
  10171.500244140625  3.0520345279618217E-6  
  10181.500244140625  3.177154118445999E-6   
  10191.500244140625  3.4240042910139605E-6  
  10201.500244140625  3.49888651835678E-6    
  10211.500244140625  3.5778322895955887E-6  
  10221.500244140625  3.419507127016911E-6   
  10231.500244140625  3.3406851502729794E-6  
  10241.500244140625  3.233279926002154E-6   
  10251.500244140625  3.2066742045924802E-6  
  10261.500244140625  3.4114521238155516E-6  
  10271.500244140625  3.399627209384702E-6   
  10281.500244140625  3.4807256992567744E-6  
  10291.500244140625  3.296718475003325E-6   
  10301.500244140625  3.2654744493029556E-6  
  10311.500244140625  3.211236157601936E-6   
  10321.500244140625  3.2562325368238845E-6  
  10331.500244140625  3.060002835428533E-6   
  10341.500244140625  2.924840298344338E-6   
  10351.500244140625  2.861282041962866E-6   
  10361.500244140625  2.9878708972301215E-6  
  10371.500244140625  3.10605173952192E-6    
  10381.500244140625  3.13384146983867E-6    
  10391.500244140625  3.2591892707104988E-6  
  10401.500244140625  3.1893463274066005E-6  
  10411.500244140625  3.161681369668802E-6   
  10421.500244140625  3.00379298193924E-6    
  10431.500244140625  3.028451013706684E-6   
  10441.500244140625  3.1789084182581045E-6  
  10451.500244140625  3.13767219177098E-6    
  10461.500244140625  2.9690053776972934E-6  
  10471.500244140625  2.7573413985277243E-6  
  10481.500244140625  2.7106464540240863E-6  
  10491.500244140625  2.8438298730955928E-6  
  10501.500244140625  2.771695534340352E-6   
  10511.500244140625  2.989352972972631E-6   
  10521.500244140625  3.008549387044149E-6   
  10531.500244140625  3.035624618477975E-6   
  10541.500244140625  2.957995607482304E-6   
  10551.500244140625  3.014031905143099E-6   
  10561.500244140625  3.228341964467985E-6   
  10571.500244140625  3.1767470050000095E-6  
  10581.500244140625  3.1068047917425342E-6  
  10591.500244140625  2.9011147065353704E-6  
  10601.500244140625  2.8955946426011347E-6  
  10611.500244140625  2.8852064529229928E-6  
  10621.500244140625  2.934992927091614E-6   
  10631.500244140625  3.032240500798463E-6   
  10641.500244140625  2.967770753934472E-6   
  10651.500244140625  3.114930317150283E-6   
  10661.500244140625  2.933253508258714E-6   
  10671.500244140627  2.9557502914232614E-6  
  10681.500244140625  2.8478120658057165E-6  
  10691.500244140627  2.8936959419122082E-6  
  10701.500244140625  2.8070983945827422E-6  
  10711.500244140627  2.8119873338438193E-6  
  10721.500244140625  2.8537517433355128E-6  
  10731.500244140627  2.956248892666024E-6   
  10741.500244140625  2.8129562771145312E-6  
  10751.500244140627  2.6109083971643377E-6  
  10761.500244140625  2.500353950807459E-6   
  10771.500244140627  2.615409043986414E-6   
  10781.500244140625  2.7592660313824618E-6  
  10791.500244140627  2.9475015088450705E-6  
  10801.500244140625  2.8895205796845714E-6  
  10811.500244140627  3.0652454136595763E-6  
  10821.500244140625  3.049112760550351E-6   
  10831.500244140627  2.9824093925417214E-6  
  10841.500244140625  2.747410338275484E-6   
  10851.500244140627  2.736715344967337E-6   
  10861.500244140625  2.753104565043466E-6   
  10871.500244140627  2.7526428534097065E-6  
  10881.500244140625  2.584442828682523E-6   
  10891.500244140623  2.761408866910824E-6   
  10901.500244140625  2.721552069417188E-6   
  10911.500244140623  2.7572238662993224E-6  
  10921.500244140625  2.730910468564026E-6   
  10931.500244140623  2.768108424398562E-6   
  10941.500244140625  2.8243466609422658E-6  
  10951.500244140623  2.6393886744005973E-6  
  10961.500244140625  2.701466750167184E-6   
  10971.500244140623  2.5514747281212975E-6  
  10981.500244140625  2.652959995310709E-6   
  10991.500244140623  2.5684217006896333E-6  
  11001.500244140625  2.7558225085846656E-6  
  11011.500244140623  2.7484691476248554E-6  
  11021.500244140625  2.8676629077122326E-6  
  11031.500244140623  2.873081339020418E-6   
  11041.500244140625  2.906210105062948E-6   
  11051.500244140623  2.883818053051463E-6   
  11061.500244140625  2.7741443946433047E-6  
  11071.500244140623  2.684326535702936E-6   
  11081.500244140625  2.6931622963215247E-6  
  11091.500244140623  2.7227044100823688E-6  
  11101.500244140625  2.7275840478118724E-6  
  11111.500244140625  2.669592491439216E-6   
  11121.500244140625  2.70206588863684E-6    
  11131.500244140625  2.7340101209941963E-6  
  11141.500244140625  2.7584580469709166E-6  
  11151.500244140625  2.8277971668130084E-6  
  11161.500244140625  3.0491296615910648E-6  
  11171.500244140625  3.2057140805356292E-6  
  11181.500244140625  3.4378326142531793E-6  
  11191.500244140625  3.5603373537053064E-6  
  11201.500244140625  3.7946981509722013E-6  
  11211.500244140625  3.944918909536331E-6   
  11221.500244140625  4.199627208920145E-6   
  11231.500244140625  4.258553019802675E-6   
  11241.500244140625  4.393788522133938E-6   
  11251.500244140625  4.616205306968479E-6   
  11261.500244140625  4.898824542405757E-6   
  11271.500244140625  5.090212358738198E-6   
  11281.500244140625  5.096443659822054E-6   
  11291.500244140625  5.211968062658322E-6   
  11301.500244140625  5.3133841742169575E-6  
  11311.500244140625  5.456134910983762E-6   
  11321.500244140625  5.654278325256054E-6   
  11331.500244140625  5.856398970822704E-6   
  11341.500244140625  6.114416924753151E-6   
  11351.500244140625  6.042113603049016E-6   
  11361.500244140625  6.13581029262655E-6    
  11371.500244140625  5.951425855340905E-6   
  11381.500244140625  5.9791914910263165E-6  
  11391.500244140625  5.857164425216025E-6   
  11401.500244140625  5.879111905609266E-6   
  11411.500244140625  5.9109635044588E-6     
  11421.500244140625  5.774254380243802E-6   
  11431.500244140625  5.732346220692627E-6   
  11441.500244140625  5.3692369304905745E-6  
  11451.500244140625  5.203980777754951E-6   
  11461.500244140625  4.938862581804601E-6   
  11471.500244140625  4.9042577976273066E-6  
  11481.500244140625  4.733481643519476E-6   
  11491.500244140625  4.5388103620394274E-6  
  11501.500244140625  4.425760220652823E-6   
  11511.500244140625  4.206211904710723E-6   
  11521.500244140625  3.905592941006882E-6   
  11531.500244140625  3.7445160488840712E-6  
  11541.500244140625  3.583713031398942E-6   
  11551.500244140625  3.581160869987586E-6   
  11561.500244140625  3.4291596228084595E-6  
  11571.500244140625  3.4405485169900754E-6  
  11581.500244140625  3.4201584864247365E-6  
  11591.500244140625  3.4097064707207595E-6  
  11601.500244140625  3.375592240708558E-6   
  11611.500244140625  3.245172150641811E-6   
  11621.500244140625  3.2139224147204075E-6  
  11631.500244140625  3.064976854423103E-6   
  11641.500244140625  3.1194342733284636E-6  
  11651.500244140625  3.052642634037581E-6   
  11661.500244140625  3.042892036138056E-6   
  11671.500244140625  2.8555100456568367E-6  
  11681.500244140625  2.7858573447426464E-6  
  11691.500244140625  2.687941635650969E-6   
  11701.500244140625  2.7671859506535715E-6  
  11711.500244140625  2.714406845816897E-6   
  11721.500244140625  2.8496839729014107E-6  
  11731.500244140625  2.940680473549468E-6   
  11741.500244140625  3.064710857401587E-6   
  11751.500244140625  3.0393853314588876E-6  
  11761.500244140625  3.0340693213067287E-6  
  11771.500244140625  2.9325347469350523E-6  
  11781.500244140625  2.9255915723824675E-6  
  11791.500244140625  2.8292706119914398E-6  
  11801.500244140625  2.8924145605066353E-6  
  11811.500244140625  2.9417142709584487E-6  
  11821.500244140625  2.9425977773777363E-6  
  11831.500244140625  2.9767577100548066E-6  
  11841.500244140625  3.141222036280551E-6   
  11851.500244140625  3.18698779430765E-6    
  11861.500244140625  3.080229071900821E-6   
  11871.500244140625  2.9547432622338707E-6  
  11881.500244140625  2.927184892560105E-6   
  11891.500244140625  3.0382825151765704E-6  
  11901.500244140625  3.084224675230053E-6   
  11911.500244140625  3.121362740031586E-6   
  11921.500244140627  3.132073892643977E-6   
  11931.500244140625  3.0036230111187837E-6  
  11941.500244140627  2.976912503015541E-6   
  11951.500244140625  3.017942217828677E-6   
  11961.500244140627  3.160830018784824E-6   
  11971.500244140625  3.2028823996534415E-6  
  11981.500244140627  3.1953240883014555E-6  
  11991.500244140625  3.118136249175499E-6   
  12001.500244140627  3.101268108956174E-6   
  12011.500244140625  3.178438492182618E-6   
  12021.500244140627  3.1274368340188146E-6  
  12031.500244140625  3.144744641398884E-6   
  12041.500244140627  3.122332631884471E-6   
  12051.500244140625  3.294784514035351E-6   
  12061.500244140627  3.2141760283896694E-6  
  12071.500244140625  3.191677688447774E-6   
  12081.500244140627  2.9994817947279296E-6  
  12091.500244140625  3.1183563184008005E-6  
  12101.500244140627  2.9535018621286964E-6  
  12111.500244140625  3.036128311072891E-6   
  12121.500244140627  2.951961978679376E-6   
  12131.500244140625  3.104003533264282E-6   
  12141.500244140623  3.1284274228034295E-6  
  12151.500244140625  3.211460490533111E-6   
  12161.500244140623  3.208865604920164E-6   
  12171.500244140625  3.201771259735511E-6   
  12181.500244140623  3.091703517219311E-6   
  12191.500244140625  3.037058646644213E-6   
  12201.500244140623  2.9791997896672174E-6  
  12211.500244140625  3.048599070374314E-6   
  12221.500244140623  3.1093404141107033E-6  
  12231.500244140625  3.0416001733004895E-6  
  12241.500244140623  3.080494991243783E-6   
  12251.500244140625  3.048061790754374E-6   
  12261.500244140623  3.1962498009818025E-6  
  12271.500244140625  3.176952504198998E-6   
  12281.500244140623  3.071948681979521E-6   
  12291.500244140625  2.9905580960135045E-6  
  12301.500244140623  2.8231066977188474E-6  
  12311.500244140625  2.8171432012361117E-6  
  12321.500244140623  2.742190612160602E-6   
  12331.500244140625  2.784501496940569E-6   
  12341.500244140623  2.807236325750646E-6   
  12351.500244140625  2.733062763113889E-6   
  12361.500244140625  2.7770772531515575E-6  
  12371.500244140625  2.710758695801228E-6   
  12381.500244140625  2.8157721654417988E-6  
  12391.500244140625  2.733343526636367E-6   
  12401.500244140625  2.843382372436591E-6   
  12411.500244140625  2.8106998202431283E-6  
  12421.500244140625  2.9022835699294905E-6  
  12431.500244140625  2.832095661887618E-6   
  12441.500244140625  2.8216086688672176E-6  
  12451.500244140625  2.813726586043376E-6   
  12461.500244140625  2.870739771730448E-6   
  12471.500244140625  3.0411879653633984E-6  
  12481.500244140625  3.0433179713501404E-6  
  12491.500244140625  3.0251171279193056E-6  
  12501.500244140625  2.921479198884817E-6   
  12511.500244140625  3.0226983489615266E-6  
  12521.500244140625  3.141304309068332E-6   
  12531.500244140625  3.2692752316627764E-6  
  12541.500244140625  3.39025590150812E-6    
  12551.500244140625  3.4938562115651452E-6  
  12561.500244140625  3.4202406852093137E-6  
  12571.500244140625  3.4866202896848897E-6  
  12581.500244140625  3.536099041411925E-6   
  12591.500244140625  3.7706226328451473E-6  
  12601.500244140625  3.731377408374192E-6   
  12611.500244140625  3.786120922368839E-6   
  12621.500244140625  3.9128577071310464E-6  
  12631.500244140625  4.0265766759574936E-6  
  12641.500244140625  4.082017631698094E-6   
  12651.500244140625  3.982534515610686E-6   
  12661.500244140625  3.963081039470486E-6   
  12671.500244140625  3.973483134562314E-6   
  12681.500244140625  3.8457762496332006E-6  
  12691.500244140625  3.781728723507389E-6   
  12701.500244140625  3.666031378759594E-6   
  12711.500244140625  3.661780323730295E-6   
  12721.500244140625  3.655732327160564E-6   
  12731.500244140625  3.60440629531686E-6    
  12741.500244140625  3.801635850059428E-6   
  12751.500244140625  3.806211687645728E-6   
  12761.500244140625  3.775711998215546E-6   
  12771.500244140625  3.5773949697388657E-6  
  12781.500244140625  3.3777403880520115E-6  
  12791.500244140625  3.2533787211649112E-6  
  12801.500244140625  3.281692486894148E-6   
  12811.500244140625  3.3554769966312143E-6  
  12821.500244140625  3.3639895060603114E-6  
  12831.500244140625  3.311695633553919E-6   
  12841.500244140625  3.1491414545465115E-6  
  12851.500244140625  3.1410456069906835E-6  
  12861.500244140625  2.8981508014768408E-6  
  12871.500244140625  3.0029672270346433E-6  
  12881.500244140625  2.7466507285220555E-6  
  12891.500244140625  2.905123418489585E-6   
  12901.500244140625  2.8103350797374988E-6  
  12911.500244140625  2.973465279544525E-6   
  12921.500244140625  2.8458612042548045E-6  
  12931.500244140625  2.953832840436654E-6   
  12941.500244140625  2.8812543687902715E-6  
  12951.500244140625  2.9034538909477007E-6  
  12961.500244140625  2.821233174436972E-6   
  12971.500244140625  2.9107123302036483E-6  
  12981.500244140625  2.9893703591739385E-6  
  12991.500244140625  3.13316980909471E-6    
  13001.500244140625  3.184548114409382E-6   
  13011.500244140625  3.2435931790018737E-6  
  13021.500244140625  3.3317667579294073E-6  
  13031.500244140625  3.3001540591719473E-6  
  13041.500244140625  3.287534259391566E-6   
  13051.500244140625  3.2920518332567538E-6  
  13061.500244140625  3.5249158619005148E-6  
  13071.500244140625  3.704996788154419E-6   
  13081.500244140625  3.712293436994106E-6   
  13091.500244140625  3.978048268537084E-6   
  13101.500244140625  4.121181558278542E-6   
  13111.500244140625  4.316179990777068E-6   
  13121.500244140625  4.2327007017313325E-6  
  13131.500244140625  4.272301635892998E-6   
  13141.500244140625  4.344149666686452E-6   
  13151.500244140625  4.444608127927205E-6   
  13161.500244140625  4.5084417833597454E-6  
  13171.500244140627  4.584177320542805E-6   
  13181.500244140625  4.5730700417540435E-6  
  13191.500244140627  4.6179450762139325E-6  
  13201.500244140625  4.524061201311576E-6   
  13211.500244140627  4.49622635958825E-6    
  13221.500244140625  4.413056160012016E-6   
  13231.500244140627  4.423801463392675E-6   
  13241.500244140625  4.466475658309138E-6   
  13251.500244140627  4.403094269905006E-6   
  13261.500244140625  4.2353781941293195E-6  
  13271.500244140627  4.12690287017444E-6    
  13281.500244140625  4.11028313256468E-6    
  13291.500244140627  4.061489419518104E-6   
  13301.500244140625  3.970958250200554E-6   
  13311.500244140627  3.824846412834222E-6   
  13321.500244140625  3.842065053673021E-6   
  13331.500244140627  3.6206075207314306E-6  
  13341.500244140625  3.5116094884995035E-6  
  13351.500244140627  3.405033461552504E-6   
  13361.500244140625  3.4980193145638035E-6  
  13371.500244140627  3.581571542566857E-6   
  13381.500244140625  3.42857380296242E-6    
  13391.500244140623  3.4108698796128533E-6  
  13401.500244140625  3.2896052103839396E-6  
  13411.500244140623  3.3074249245148708E-6  
  13421.500244140625  3.24445863932663E-6    
  13431.500244140623  3.2092814662219017E-6  
  13441.500244140625  3.2432277540855484E-6  
  13451.500244140623  3.136941516449654E-6   
  13461.500244140625  3.229270267729996E-6   
  13471.500244140623  3.2378537904773838E-6  
  13481.500244140625  3.4281863527338517E-6  
  13491.500244140623  3.4533155205194027E-6  
  13501.500244140625  3.5644712556595955E-6  
  13511.500244140623  3.4246317759427697E-6  
  13521.500244140625  3.5747545016278294E-6  
  13531.500244140623  3.4903161351985437E-6  
  13541.500244140625  3.6267927853520973E-6  
  13551.500244140623  3.5689979997332198E-6  
  13561.500244140625  3.701175559336267E-6   
  13571.500244140623  3.7963371353544038E-6  
  13581.500244140625  3.7564465539363085E-6  
  13591.500244140623  3.69498287635252E-6    
  13601.500244140625  3.7351183065674555E-6  
  13611.500244140625  3.781124853306333E-6   
  13621.500244140625  3.73043618032741E-6    
  13631.500244140625  3.82277601094798E-6    
  13641.500244140625  3.9757383700917785E-6  
  13651.500244140625  4.389234872317518E-6   
  13661.500244140625  4.314063743966482E-6   
  13671.500244140625  4.32921054332972E-6    
  13681.500244140625  4.0088306660607176E-6  
  13691.500244140625  4.0492420326825494E-6  
  13701.500244140625  4.194970474971325E-6   
  13711.500244140625  4.580858618735631E-6   
  13721.500244140625  4.689589722579448E-6   
  13731.500244140625  4.586007093779255E-6   
  13741.500244140625  4.5907521395423496E-6  
  13751.500244140625  4.935226524738013E-6   
  13761.500244140625  5.3117477812669415E-6  
  13771.500244140625  5.215118921851322E-6   
  13781.500244140625  5.168364151465906E-6   
  13791.500244140625  4.987177039675E-6      
  13801.500244140625  5.0119722422401494E-6  
  13811.500244140625  5.077411851442391E-6   
  13821.500244140625  5.165768643784096E-6   
  13831.500244140625  5.36312204416403E-6    
  13841.500244140625  5.221057725151014E-6   
  13851.500244140625  5.112818248158243E-6   
  13861.500244140625  5.042706013541297E-6   
  13871.500244140625  5.0182970054404105E-6  
  13881.500244140625  5.067124398624513E-6   
  13891.500244140625  4.878659994672097E-6   
  13901.500244140625  4.709773563702131E-6   
  13911.500244140625  4.563729229754205E-6   
  13921.500244140625  4.537488573361918E-6   
  13931.500244140625  4.536806950904472E-6   
  13941.500244140625  4.471749787453477E-6   
  13951.500244140625  4.498738874164851E-6   
  13961.500244140625  4.36997742745138E-6    
  13971.500244140625  4.355131521333002E-6   
  13981.500244140625  4.1385433821650896E-6  
  13991.500244140625  4.192921440982625E-6   
  14001.500244140625  4.018719258795889E-6   
  14011.500244140625  4.095037794144264E-6   
  14021.500244140625  4.0154458935256916E-6  
  14031.500244140625  4.019394244340135E-6   
  14041.500244140625  3.829138446008616E-6   
  14051.500244140625  3.7104518788635285E-6  
  14061.500244140625  3.6089485942712028E-6  
  14071.500244140625  3.5940466356304687E-6  
  14081.500244140625  3.7496743077504195E-6  
  14091.500244140625  3.6614519315085664E-6  
  14101.500244140625  3.874694506835619E-6   
  14111.500244140625  3.664192707786162E-6   
  14121.500244140625  3.70934712626079E-6    
  14131.500244140625  3.6447624091188084E-6  
  14141.500244140625  3.7295842378125656E-6  
  14151.500244140625  3.7512813854835793E-6  
  14161.500244140625  3.578563441553044E-6   
  14171.500244140625  3.479938221326841E-6   
  14181.500244140625  3.5648052370784636E-6  
  14191.500244140625  3.7576340835478197E-6  
  14201.500244140625  3.872193095984076E-6   
  14211.500244140625  3.7238910822925953E-6  
  14221.500244140625  3.6502033185062053E-6  
  14231.500244140625  3.554810316085161E-6   
  14241.500244140625  3.7914261974996045E-6  
  14251.500244140625  3.586286961009204E-6   
  14261.500244140625  3.5367628738247336E-6  
  14271.500244140625  3.3387863749972373E-6  
  14281.500244140625  3.486997306005627E-6   
  14291.500244140625  3.551815059930207E-6   
  14301.500244140625  3.5724111880066266E-6  
  14311.500244140625  3.581447948977455E-6   
  14321.500244140625  3.4404610398773874E-6  
  14331.500244140625  3.5533484241409165E-6  
  14341.500244140625  3.7191446452976903E-6  
  14351.500244140625  3.989859639539831E-6   
  14361.500244140625  4.046265136776482E-6   
  14371.500244140625  3.910190999539645E-6   
  14381.500244140625  3.7714300661507486E-6  
  14391.500244140625  3.713619948422966E-6   
  14401.500244140625  3.9471342588002135E-6  
  14411.500244140625  4.008022616241302E-6   
  14421.500244140627  4.014127564511396E-6   
  14431.500244140625  3.7300604987603833E-6  
  14441.500244140627  3.6811507708746567E-6  
  14451.500244140625  3.7551279852396756E-6  
  14461.500244140627  3.726639993320467E-6   
  14471.500244140625  3.715415534047043E-6   
  14481.500244140627  3.6360494785411157E-6  
  14491.500244140625  3.5129669252665086E-6  
  14501.500244140627  3.5491874553690706E-6  
  14511.500244140625  3.4776396029688548E-6  
  14521.500244140627  3.623976345496264E-6   
  14531.500244140625  3.588631578027496E-6   
  14541.500244140627  3.598590709484749E-6   
  14551.500244140625  3.673878633744704E-6   
  14561.500244140627  3.635832838307015E-6   
  14571.500244140625  3.6935278367772044E-6  
  14581.500244140627  3.9209486974571995E-6  
  14591.500244140625  4.0226427499355015E-6  
  14601.500244140627  4.114329231614003E-6   
  14611.500244140625  3.918776372787799E-6   
  14621.500244140627  3.999320346692053E-6   
  14631.500244140625  3.762839532099645E-6   
  14641.500244140623  3.848686612756049E-6   
  14651.500244140625  3.794380244416133E-6   
  14661.500244140623  4.059799784648272E-6   
  14671.500244140625  3.960737575128324E-6   
  14681.500244140623  3.954807181969793E-6   
  14691.500244140625  4.010731949825629E-6   
  14701.500244140623  4.032900422047151E-6   
  14711.500244140625  4.010847387074276E-6   
  14721.500244140623  3.905876021439231E-6   
  14731.500244140625  3.92907874450434E-6    
  14741.500244140623  3.856575540401604E-6   
  14751.500244140625  3.841197369106817E-6   
  14761.500244140623  3.833592855748611E-6   
  14771.500244140625  4.023161331762987E-6   
  14781.500244140623  4.011639103009089E-6   
  14791.500244140625  3.95828607883665E-6    
  14801.500244140623  3.972416691411924E-6   
  14811.500244140625  3.842770351708359E-6   
  14821.500244140623  3.852442261985612E-6   
  14831.500244140625  3.7317352966866273E-6  
  14841.500244140623  3.820271668164348E-6   
  14851.500244140625  3.754340373405271E-6   
  14861.500244140625  3.9276129072942175E-6  
  14871.500244140625  4.003066571408478E-6   
  14881.500244140625  4.187463074850156E-6   
  14891.500244140625  4.114677822735338E-6   
  14901.500244140625  4.068130071671025E-6   
  14911.500244140625  4.077038515272072E-6   
  14921.500244140625  4.176316579025202E-6   
  14931.500244140625  4.34931819378334E-6    
  14941.500244140625  4.434805502442964E-6   
  14951.500244140625  4.4499846120604284E-6  
  14961.500244140625  4.346838492384999E-6   
  14971.500244140625  4.266667298998556E-6   
  14981.500244140625  4.112225001031081E-6   
  14991.500244140625  4.023138589405909E-6   
  15001.500244140625  4.059630459042415E-6   
  15011.500244140625  4.0656816693207555E-6  
  15021.500244140625  4.0807323094420715E-6  
  15031.500244140625  4.047101520941056E-6   
  15041.500244140625  4.03674644391399E-6    
  15051.500244140625  4.20104323810598E-6    
  15061.500244140625  4.275461247653812E-6   
  15071.500244140625  4.373998094063341E-6   
  15081.500244140625  4.33753197540858E-6    
  15091.500244140625  4.352634224093595E-6   
  15101.500244140625  4.418260344617461E-6   
  15111.500244140625  4.3762928053543045E-6  
  15121.500244140625  4.317650810909534E-6   
  15131.500244140625  4.302064947447235E-6   
  15141.500244140625  4.448898150937619E-6   
  15151.500244140625  4.55551127544981E-6    
  15161.500244140625  4.676706705723867E-6   
  15171.500244140625  4.6512583175945825E-6  
  15181.500244140625  4.531946874958098E-6   
  15191.500244140625  4.440387947135272E-6   
  15201.500244140625  4.478782598846981E-6   
  15211.500244140625  4.692177283943473E-6   
  15221.500244140625  4.494540373578821E-6   
  15231.500244140625  4.488547466845724E-6   
  15241.500244140625  4.279867612529349E-6   
  15251.500244140625  4.448286080929724E-6   
  15261.500244140625  4.448956819842377E-6   
  15271.500244140625  4.603701507800251E-6   
  15281.500244140625  4.572437001757717E-6   
  15291.500244140625  4.465188970650184E-6   
  15301.500244140625  4.290741361818695E-6   
  15311.500244140625  4.292362617858509E-6   
  15321.500244140625  4.31453155079079E-6    
  15331.500244140625  4.4137438923893465E-6  
  15341.500244140625  4.448626718502058E-6   
  15351.500244140625  4.324958442422423E-6   
  15361.500244140625  4.2919941593587805E-6  
  15371.500244140625  4.2369495931837535E-6  
  15381.500244140625  4.629209734998862E-6   
  15391.500244140625  4.722675534755602E-6   
  15401.500244140625  4.67107703599821E-6    
  15411.500244140625  4.432590873535077E-6   
  15421.500244140625  4.35344510825959E-6    
  15431.500244140625  4.566429354662839E-6   
  15441.500244140625  4.6485974758138954E-6  
  15451.500244140625  4.675678058596585E-6   
  15461.500244140625  4.450441812158371E-6   
  15471.500244140625  4.282719811040065E-6   
  15481.500244140625  4.232101932176214E-6   
  15491.500244140625  4.435717834180042E-6   
  15501.500244140625  4.609828507167042E-6   
  15511.500244140625  4.726866249253767E-6   
  15521.500244140625  4.800263202139927E-6   
  15531.500244140625  4.826832151536458E-6   
  15541.500244140625  4.9647112232292484E-6  
  15551.500244140625  4.713491729023267E-6   
  15561.500244140625  4.853387073226981E-6   
  15571.500244140625  4.6803942917805415E-6  
  15581.500244140625  5.047391806479711E-6   
  15591.500244140625  4.977372876128267E-6   
  15601.500244140625  5.1047405836192564E-6  
  15611.500244140625  5.266544725538465E-6   
  15621.500244140625  5.238005374932892E-6   
  15631.500244140625  5.3512287522277034E-6  
  15641.500244140625  5.044074063936119E-6   
  15651.500244140625  4.965191802980605E-6   
  15661.500244140625  4.841623239925595E-6   
  15671.500244140627  4.6925158091574495E-6  
  15681.500244140625  4.81516716660069E-6    
  15691.500244140627  4.831099025970429E-6   
  15701.500244140625  4.984633673985822E-6   
  15711.500244140627  4.8939369647151E-6     
  15721.500244140625  4.991737405674978E-6   
  15731.500244140627  5.017165458079205E-6   
  15741.500244140625  5.2576234484984295E-6  
  15751.500244140627  5.2348268126874E-6     
  15761.500244140625  5.321273332386637E-6   
  15771.500244140627  5.2078919751830675E-6  
  15781.500244140625  4.956567000745237E-6   
  15791.500244140627  4.825798495266731E-6   
  15801.500244140625  4.899207073835042E-6   
  15811.500244140627  5.1395388155164025E-6  
  15821.500244140625  5.324745670719645E-6   
  15831.500244140627  5.172653052234982E-6   
  15841.500244140625  5.10269767277276E-6    
  15851.500244140627  4.84868046782214E-6    
  15861.500244140625  5.126625489801589E-6   
  15871.500244140627  4.936721040211344E-6   
  15881.500244140625  4.9508080406502905E-6  
  15891.500244140623  4.858718361769419E-6   
  15901.500244140625  5.173763286189734E-6   
  15911.500244140623  5.319155692419093E-6   
  15921.500244140625  5.316694114830605E-6   
  15931.500244140623  5.2128983590768074E-6  
  15941.500244140625  5.351890363616858E-6   
  15951.500244140623  5.284086222367881E-6   
  15961.500244140625  5.258639971189301E-6   
  15971.500244140623  5.024022610402567E-6   
  15981.500244140625  5.097436150674349E-6   
  15991.500244140623  5.12729644233422E-6    
  16001.500244140625  5.415563401224931E-6   
  16011.500244140623  5.348187946039134E-6   
  16021.500244140625  5.269280380207722E-6   
  16031.500244140623  5.242605181819988E-6   
  16041.500244140625  5.1058503081117154E-6  
  16051.500244140623  5.295840977441794E-6   
  16061.500244140625  4.988313558422913E-6   
  16071.500244140623  5.327027150044682E-6   
  16081.500244140625  5.4958166019520264E-6  
  16091.500244140623  5.779800359998796E-6   
  16101.500244140625  5.831509345268571E-6   
  16111.500244140625  5.755027396355741E-6   
  16121.500244140625  5.860598150383265E-6   
  16131.500244140625  5.660975522512352E-6   
  16141.500244140625  5.805589807965754E-6   
  16151.500244140625  5.780594705480993E-6   
  16161.500244140625  6.013089364593392E-6   
  16171.500244140625  6.030426178800414E-6   
  16181.500244140625  6.184064171131868E-6   
  16191.500244140625  6.176242225973421E-6   
  16201.500244140625  6.198521144552491E-6   
  16211.500244140625  6.0872653248977754E-6  
  16221.500244140625  6.166899214691823E-6   
  16231.500244140625  6.365458739144031E-6   
  16241.500244140625  6.742564598003608E-6   
  16251.500244140625  7.126354103613218E-6   
  16261.500244140625  7.005788936904453E-6   
  16271.500244140625  6.657735618969925E-6   
  16281.500244140625  6.444652179396198E-6   
  16291.500244140625  6.397503832609166E-6   
  16301.500244140625  6.704873557829492E-6   
  16311.500244140625  6.504858180653838E-6   
  16321.500244140625  6.755774218595667E-6   
  16331.500244140625  6.70594681393946E-6    
  16341.500244140625  6.657429005970233E-6   
  16351.500244140625  6.502502305096016E-6   
  16361.500244140625  6.419330326841547E-6   
  16371.500244140625  6.671929726375397E-6   
  16381.500244140625  6.738239884976941E-6   
  16391.500244140625  7.061575343548766E-6   
  16401.500244140625  6.871619675402393E-6   
  16411.500244140625  6.553249195988138E-6   
  16421.500244140625  6.1319339759620225E-6  
  16431.500244140625  6.207382827987981E-6   
  16441.500244140625  6.611525633690781E-6   
  16451.500244140625  6.885173843639438E-6   
  16461.500244140625  6.815220093068745E-6   
  16471.500244140625  6.639836491723829E-6   
  16481.500244140625  6.500519269300846E-6   
  16491.500244140625  6.522369761376521E-6   
  16501.500244140625  6.555002357308288E-6   
  16511.500244140625  6.548826371583586E-6   
  16521.500244140625  6.7251858174605506E-6  
  16531.500244140625  6.703205983456584E-6   
  16541.500244140625  6.717739676934246E-6   
  16551.500244140625  6.588399848375441E-6   
  16561.500244140625  6.362824672274498E-6   
  16571.500244140625  6.093017258185738E-6   
  16581.500244140625  5.745702133456879E-6   
  16591.500244140625  5.768443796203146E-6   
  16601.500244140625  6.1991207268294524E-6  
  16611.500244140625  6.700545669122893E-6   
  16621.500244140625  7.1461750377219315E-6  
  16631.500244140625  7.035035996700046E-6   
  16641.500244140625  6.60118671858912E-6    
  16651.500244140625  6.350093745256363E-6   
  16661.500244140625  6.020975182007524E-6   
  16671.500244140625  6.39192578494433E-6    
  16681.500244140625  6.286131661891067E-6   
  16691.500244140625  6.553956064633767E-6   
  16701.500244140625  6.506372537967787E-6   
  16711.500244140625  6.669433542806776E-6   
  16721.500244140625  6.6721570304633105E-6  
  16731.500244140625  6.526132853510526E-6   
  16741.500244140625  6.661763805014662E-6   
  16751.500244140625  6.717391189640489E-6   
  16761.500244140625  6.800093270960315E-6   
  16771.500244140625  6.580035157049457E-6   
  16781.500244140625  6.472602264687854E-6   
  16791.500244140625  6.343638953250542E-6   
  16801.500244140625  6.084223116318352E-6   
  16811.500244140625  6.10943193841856E-6    
  16821.500244140625  6.440239911179619E-6   
  16831.500244140625  6.770742474316881E-6   
  16841.500244140625  6.910848652288494E-6   
  16851.500244140625  6.805016166807953E-6   
  16861.500244140625  7.302064087392291E-6   
  16871.500244140625  7.276426136078687E-6   
  16881.500244140625  7.212429462967975E-6   
  16891.500244140625  6.790049739057021E-6   
  16901.500244140625  6.7859305839815115E-6  
  16911.500244140625  6.515079506371803E-6   
  16921.500244140625  6.6482176335327685E-6  
  16931.500244140625  6.772839424589977E-6   
  16941.500244140625  7.2243327310523905E-6  
  16951.500244140625  7.036923226306976E-6   
  16961.500244140625  6.856884416612562E-6   
  16971.500244140625  6.882185227408906E-6   
  16981.500244140625  7.001048325009802E-6   
  16991.500244140625  6.8676749318022445E-6  
  17001.500244140625  6.711926067291099E-6   
  17011.500244140625  6.597096282059134E-6   
  17021.500244140625  6.864561668193047E-6   
  17031.500244140625  6.872487146266832E-6   
  17041.500244140625  6.865151013947037E-6   
  17051.500244140625  6.843377828366631E-6   
  17061.500244140625  7.041425999882069E-6   
  17071.500244140625  6.741391062611368E-6   
  17081.500244140625  7.134491610249937E-6   
  17091.500244140625  7.172460566612384E-6   
  17101.500244140625  7.3740633538759996E-6  
  17111.500244140625  6.940817384221931E-6   
  17121.500244140625  7.180814793049848E-6   
  17131.500244140625  7.602037899484928E-6   
  17141.500244140625  7.811365093954636E-6   
  17151.500244140625  7.83690761457283E-6    
  17161.500244140625  7.91801048825437E-6    
  17171.500244140625  7.630128609355062E-6   
  17181.500244140625  7.2749646169503695E-6  
  17191.500244140625  7.168280566658843E-6   
  17201.500244140625  7.573733497862358E-6   
  17211.500244140625  7.503324843285852E-6   
  17221.500244140625  7.678436803728943E-6   
  17231.500244140625  7.357576363937875E-6   
  17241.500244140625  7.685266702464052E-6   
  17251.500244140625  7.546036832193237E-6   
  17261.500244140625  7.76217464932899E-6    
  17271.500244140625  8.036048898861091E-6   
  17281.500244140625  8.005265196415252E-6   
  17291.500244140625  7.799651689512927E-6   
  17301.500244140625  7.338520109408758E-6   
  17311.500244140625  7.28149091866916E-6    
  17321.500244140625  7.409054619674748E-6   
  17331.500244140625  7.645301832136977E-6   
  17341.500244140625  7.754595671624684E-6   
  17351.500244140625  8.110508621313183E-6   
  17361.500244140625  8.168464366554565E-6   
  17371.500244140625  8.378972672018235E-6   
  17381.500244140625  8.705557334475593E-6   
  17391.500244140625  8.552930764839278E-6   
  17401.500244140625  8.044357125700846E-6   
  17411.500244140625  7.435634179758435E-6   
  17421.500244140625  7.288042005049936E-6   
  17431.500244140625  7.6208069417895385E-6  
  17441.500244140625  8.101050496631205E-6   
  17451.500244140625  8.537923504300336E-6   
  17461.500244140625  8.948445541180121E-6   
  17471.500244140625  8.350224361314164E-6   
  17481.500244140625  8.246044074228407E-6   
  17491.500244140625  8.044383672733166E-6   
  17501.500244140625  8.645964163528513E-6   
  17511.500244140625  8.612271022696124E-6   
  17521.500244140625  8.235010260130336E-6   
  17531.500244140625  8.299719384010865E-6   
  17541.500244140625  8.258406168309016E-6   
  17551.500244140625  8.570446148629665E-6   
  17561.500244140625  8.231501230573397E-6   
  17571.500244140625  8.231036774142921E-6   
  17581.500244140625  8.337757696494031E-6   
  17591.500244140625  8.571395485462609E-6   
  17601.500244140625  8.323196155798615E-6   
  17611.500244140625  8.707884593662148E-6   
  17621.500244140625  8.29029947735339E-6    
  17631.500244140625  8.714543864291017E-6   
  17641.500244140625  8.187728549323593E-6   
  17651.500244140625  8.46869901395337E-6    
  17661.500244140625  8.617371292819428E-6   
  17671.500244140625  8.988715710898575E-6   
  17681.500244140625  9.247159161959345E-6   
  17691.500244140625  9.256630640150951E-6   
  17701.500244140625  8.644205600622238E-6   
  17711.500244140625  8.709633433277999E-6   
  17721.500244140625  8.614649773527927E-6   
  17731.500244140625  8.94841543334249E-6    
  17741.500244140625  8.953984361289787E-6   
  17751.500244140625  8.895541892739714E-6   
  17761.500244140625  9.282186022139351E-6   
  17771.500244140625  8.871872342411113E-6   
  17781.500244140625  8.991682808366366E-6   
  17791.500244140625  8.758037994050366E-6   
  17801.500244140625  9.079034904426645E-6   
  17811.500244140625  8.710700543102682E-6   
  17821.500244140625  8.928753372685552E-6   
  17831.500244140625  9.123748724247078E-6   
  17841.500244140625  9.785509478672433E-6   
  17851.500244140625  9.55590720537283E-6    
  17861.500244140625  9.154704735503792E-6   
  17871.500244140625  9.291295412507449E-6   
  17881.500244140625  9.563166843752911E-6   
  17891.500244140625  9.940512416916303E-6   
  17901.500244140625  9.30685658384926E-6    
  17911.500244140625  9.145540182323884E-6   
  17921.500244140625  9.15851434145744E-6    
  17931.500244140625  9.448196687867394E-6   
  17941.500244140625  9.44621476419166E-6    
  17951.500244140625  9.623164803857775E-6   
  17961.500244140625  9.772426081152634E-6   
  17971.500244140625  1.0034941081377923E-5  
  17981.500244140625  9.8166654898473E-6     
  17991.500244140625  9.542948982803202E-6   
  18001.500244140625  9.566861246810554E-6   
  18011.500244140625  1.0126078245634968E-5  
  18021.500244140625  1.0720815422057895E-5  
  18031.500244140625  1.0725848252369248E-5  
  18041.500244140625  1.038459321411312E-5   
  18051.500244140625  1.0298943851517954E-5  
  18061.500244140625  1.0545046957197755E-5  
  18071.500244140625  1.0958587761613532E-5  
  18081.500244140625  1.080422693696692E-5   
  18091.500244140625  1.0531205989905161E-5  
  18101.500244140625  1.0711700515988915E-5  
  18111.500244140625  1.1159255679393579E-5  
  18121.500244140625  1.134751572374474E-5   
  18131.500244140625  1.139556870750435E-5   
  18141.500244140625  1.1620273989272609E-5  
  18151.500244140625  1.2338452048271946E-5  
  18161.500244140625  1.1839829726657184E-5  
  18171.500244140625  1.1552834575824462E-5  
  18181.500244140625  1.1435236690503272E-5  
  18191.500244140625  1.2367110145462184E-5  
  18201.500244140625  1.3121410255170983E-5  
  18211.500244140625  1.2745454656912216E-5  
  18221.500244140625  1.2554171511575164E-5  
  18231.500244140625  1.1996252865711275E-5  
  18241.500244140625  1.2271441989819905E-5  
  18251.500244140625  1.264549163980184E-5   
  18261.500244140625  1.3102702767100645E-5  
  18271.500244140625  1.3257995474664677E-5  
  18281.500244140625  1.3116449092035333E-5  
  18291.500244140625  1.2997176324394258E-5  
  18301.500244140625  1.2936804138497807E-5  
  18311.500244140625  1.3168981115094275E-5  
  18321.500244140625  1.3318993280127316E-5  
  18331.500244140625  1.4140366546016313E-5  
  18341.500244140625  1.3475174857446951E-5  
  18351.500244140625  1.3771074827483005E-5  
  18361.500244140625  1.2849046826586366E-5  
  18371.500244140625  1.3186568276942924E-5  
  18381.500244140625  1.2537784884460758E-5  
  18391.500244140625  1.2863082549660062E-5  
  18401.500244140625  1.3618814139670486E-5  
  18411.500244140625  1.426590547235955E-5   
  18421.500244140625  1.4722661783052907E-5  
  18431.500244140625  1.402999789083824E-5   
  18441.500244140625  1.3770630418252798E-5  
  18451.500244140625  1.314192376626592E-5   
  18461.500244140625  1.2847393175482912E-5  
  18471.500244140625  1.2489168186779847E-5  
  18481.500244140625  1.3342001286098183E-5  
  18491.500244140625  1.386800706713987E-5   
  18501.500244140625  1.4043666223792267E-5  
  18511.500244140625  1.3334262027784085E-5  
  18521.500244140625  1.3507255836936093E-5  
  18531.500244140625  1.3667252773413362E-5  
  18541.500244140625  1.411568603222227E-5   
  18551.500244140625  1.3724710419444764E-5  
  18561.500244140625  1.4391485526290283E-5  
  18571.500244140625  1.4212660114065845E-5  
  18581.500244140625  1.4905403743590112E-5  
  18591.500244140625  1.432608289209577E-5   
  18601.500244140625  1.4159824409202322E-5  
  18611.500244140625  1.3948818494830031E-5  
  18621.500244140625  1.442094058521017E-5   
  18631.500244140625  1.479009570360054E-5   
  18641.500244140625  1.4589432977425688E-5  
  18651.500244140625  1.3979117866418372E-5  
  18661.500244140625  1.3951017620281342E-5  
  18671.500244140625  1.3155377104107144E-5  
  18681.500244140625  1.4083901965004124E-5  
  18691.500244140625  1.3544772021979515E-5  
  18701.500244140625  1.49415293423932E-5    
  18711.500244140625  1.429349216445695E-5   
  18721.500244140625  1.4572525835215604E-5  
  18731.500244140625  1.3909425902466704E-5  
  18741.500244140625  1.3573548484350706E-5  
  18751.500244140625  1.362294362275589E-5   
  18761.500244140625  1.3222681497567048E-5  
  18771.500244140625  1.362622989547572E-5   
  18781.500244140625  1.3758226471703156E-5  
  18791.500244140625  1.3507603032702948E-5  
  18801.500244140625  1.3117437775055655E-5  
  18811.500244140625  1.2864256928331106E-5  
  18821.500244140625  1.3206386926942521E-5  
  18831.500244140625  1.3471809811620473E-5  
  18841.500244140625  1.3481207622608608E-5  
  18851.500244140625  1.3456140030621709E-5  
  18861.500244140625  1.3921656265577921E-5  
  18871.500244140625  1.3942909090864138E-5  
  18881.500244140625  1.4229486192080323E-5  
  18891.500244140625  1.4176653767441609E-5  
  18901.500244140625  1.4354151619334382E-5  
  18911.500244140625  1.4855483301536364E-5  
  18921.500244140625  1.4383405724469403E-5  
  18931.500244140625  1.5310256626745083E-5  
  18941.500244140625  1.4666016704918212E-5  
  18951.500244140625  1.4459353603374312E-5  
  18961.500244140625  1.3227261934840202E-5  
  18971.500244140625  1.347432543909292E-5   
  18981.500244140625  1.4268239685705526E-5  
  18991.500244140625  1.465701378245392E-5   
  19001.500244140625  1.4606332318010595E-5  
  19011.500244140625  1.4038794323449977E-5  
  19021.500244140625  1.4194655516774716E-5  
  19031.500244140625  1.4137465773334988E-5  
  19041.500244140625  1.5208583962394314E-5  
  19051.500244140625  1.5199936221507855E-5  
  19061.500244140625  1.4879530241393157E-5  
  19071.500244140625  1.4642414867534525E-5  
  19081.500244140625  1.440285887905628E-5   
  19091.500244140625  1.5294961607208208E-5  
  19101.500244140625  1.455456489459511E-5   
  19111.500244140625  1.4378298338729362E-5  
  19121.500244140625  1.3503214232120275E-5  
  19131.500244140625  1.2857317750919109E-5  
  19141.500244140625  1.3233835013697064E-5  
  19151.500244140625  1.3405880626885939E-5  
  19161.500244140625  1.3888091621915268E-5  
  19171.500244140625  1.4033768290172925E-5  
  19181.500244140625  1.4929248864386747E-5  
  19191.500244140625  1.573335466187118E-5   
  19201.500244140625  1.5758399565384608E-5  
  19211.500244140625  1.541616181449149E-5   
  19221.500244140625  1.5055511005374778E-5  
  19231.500244140625  1.539476030236971E-5   
  19241.500244140625  1.539171470251929E-5   
  19251.500244140625  1.5404486938401083E-5  
  19261.500244140625  1.4797689764882805E-5  
  19271.500244140625  1.5170579376078962E-5  
  19281.500244140625  1.5793208798360847E-5  
  19291.500244140625  1.685149185639576E-5   
  19301.500244140625  1.6620647282297992E-5  
  19311.500244140625  1.6654055998468354E-5  
  19321.500244140625  1.6036791508274674E-5  
  19331.500244140625  1.597024125058529E-5   
  19341.500244140625  1.545713838599146E-5   
  19351.500244140625  1.5330222277392358E-5  
  19361.500244140625  1.6101444618386505E-5  
  19371.500244140625  1.6328762107943176E-5  
  19381.500244140625  1.6217098660147195E-5  
  19391.500244140625  1.606557978773894E-5   
  19401.500244140625  1.668788638467225E-5   
  19411.500244140625  1.8008227461725908E-5  
  19421.500244140625  1.8406675084785145E-5  
  19431.500244140625  1.8183512044393186E-5  
  19441.500244140625  1.754122064017891E-5   
  19451.500244140625  1.7600493709840338E-5  
  19461.500244140625  1.856920070010293E-5   
  19471.500244140625  1.907796538874956E-5   
  19481.500244140625  1.8445150422087625E-5  
  19491.500244140625  1.8045370430858758E-5  
  19501.500244140625  1.828963623148446E-5   
  19511.500244140625  1.8907115686248304E-5  
  19521.500244140625  1.9369387815974806E-5  
  19531.500244140625  1.8612162251550693E-5  
  19541.500244140625  1.8298252547216165E-5  
  19551.500244140625  1.7177765146671325E-5  
  19561.500244140625  1.7608450182745785E-5  
  19571.500244140625  1.8510663682171233E-5  
  19581.500244140625  1.9524226340789134E-5  
  19591.500244140625  1.932246651597108E-5   
  19601.500244140625  1.9434657431870307E-5  
  19611.500244140625  1.8777024091315158E-5  
  19621.500244140625  1.9356726112883693E-5  
  19631.500244140625  1.8933721371989297E-5  
  19641.500244140625  1.9580639466619067E-5  
  19651.500244140625  1.9388488964029495E-5  
  19661.500244140625  1.8899422760720958E-5  
  19671.500244140625  1.86484766598349E-5    
  19681.500244140625  1.860872749239828E-5   
  19691.500244140625  1.8893322374823315E-5  
  19701.500244140625  1.746919557678744E-5   
  19711.500244140625  1.6852731765293635E-5  
  19721.500244140625  1.6296699625509254E-5  
  19731.500244140625  1.7316564255632495E-5  
  19741.500244140625  1.7552644933012428E-5  
  19751.500244140625  1.77666081979086E-5    
  19761.500244140625  1.7136406610208875E-5  
  19771.500244140625  1.7027968815700242E-5  
  19781.500244140625  1.6964388668169767E-5  
  19791.500244140625  1.7265482876060743E-5  
  19801.500244140625  1.6489687650524485E-5  
  19811.500244140625  1.65510081779174E-5    
  19821.500244140625  1.7019794557338097E-5  
  19831.500244140625  1.875426735855867E-5   
  19841.500244140625  1.855771770408077E-5   
  19851.500244140625  1.7430912040698092E-5  
  19861.500244140625  1.563604302142326E-5   
  19871.500244140625  1.539248603422795E-5   
  19881.500244140625  1.5866187889498658E-5  
  19891.500244140625  1.7210492835617906E-5  
  19901.500244140625  1.8204495701057293E-5  
  19911.500244140625  1.8730063511588633E-5  
  19921.500244140625  1.75337263068027E-5    
  19931.500244140625  1.6614879057048426E-5  
  19941.500244140625  1.6444028029925075E-5  
  19951.500244140625  1.6704538661041154E-5  
  19961.500244140625  1.692998876689136E-5   
  19971.500244140625  1.6553351949963574E-5  
  19981.500244140625  1.638844944482018E-5   
  19991.500244140625  1.692428122555304E-5   
  20001.500244140625  1.6508145532871553E-5  
  20011.50024414062   1.7834814903626897E-5  
  20021.500244140625  1.7166393014420546E-5  
  20031.500244140625  1.7950982529972722E-5  
  20041.500244140625  1.6927503569688216E-5  
  20051.50024414062   1.6586926168093322E-5  
  20061.500244140625  1.6598149686919895E-5  
  20071.500244140625  1.7757224493425598E-5  
  20081.500244140625  1.7638590859373926E-5  
  20091.500244140625  1.789140491732583E-5   
  20101.500244140625  1.7353793447867177E-5  
  20111.500244140625  1.771181580194075E-5   
  20121.500244140625  1.7547828031604315E-5  
  20131.500244140625  1.720071514967254E-5   
  20141.500244140625  1.7431938885625678E-5  
  20151.500244140625  1.794540974031174E-5   
  20161.500244140625  1.8771064637851604E-5  
  20171.500244140625  1.8376005414590768E-5  
  20181.500244140625  1.7334344251150186E-5  
  20191.500244140625  1.7486751494324514E-5  
  20201.500244140625  1.7992625288383686E-5  
  20211.500244140625  1.875996550466091E-5   
  20221.500244140625  1.7678602585789768E-5  
  20231.500244140625  1.826745773965777E-5   
  20241.500244140625  1.7639966647109818E-5  
  20251.500244140625  1.835593056757746E-5   
  20261.500244140625  1.7862631850146395E-5  
  20271.500244140625  1.882935689386352E-5   
  20281.500244140625  1.8661999716788115E-5  
  20291.500244140625  1.8691584157206298E-5  
  20301.500244140625  1.7772692396887667E-5  
  20311.500244140625  1.832967100656658E-5   
  20321.500244140625  1.8638257865926427E-5  
  20331.500244140625  1.8644066785064176E-5  
  20341.500244140625  1.8263575304294347E-5  
  20351.500244140625  1.8670286203847605E-5  
  20361.500244140625  2.0400289299298284E-5  
  20371.500244140625  2.0338755389436448E-5  
  20381.500244140625  2.0249193389121817E-5  
  20391.500244140625  1.8983353624778227E-5  
  20401.500244140625  1.9621448148541925E-5  
  20411.500244140625  1.96810763966506E-5    
  20421.500244140625  1.9890017446927713E-5  
  20431.500244140625  1.947431587371319E-5   
  20441.500244140625  1.935822006693653E-5   
  20451.500244140625  1.9259120820012445E-5  
  20461.50024414063   1.8951004532033727E-5  
  20471.500244140625  1.8866621210630793E-5  
  20481.4990234375    1.9191513852639085E-5  
  20491.4990234375    1.953904913868314E-5   
  20501.4990234375    2.014507676451972E-5   
  20511.4990234375    1.9542945554221893E-5  
  20521.4990234375    1.876263977899069E-5   
  20531.4990234375    1.8033675392703687E-5  
  20541.4990234375    1.934044142539163E-5   
  20551.4990234375    2.073241909683151E-5   
  20561.4990234375    2.1186096510640767E-5  
  20571.4990234375    2.1415525632735455E-5  
  20581.4990234375    2.1393658634435995E-5  
  20591.4990234375    2.172786077132905E-5   
  20601.4990234375    2.002311281887964E-5   
  20611.4990234375    1.9069101344005257E-5  
  20621.4990234375    1.9396357067769106E-5  
  20631.4990234375    2.0511896618143013E-5  
  20641.4990234375    2.1342407275371323E-5  
  20651.4990234375    2.091008737178628E-5   
  20661.4990234375    2.159403801193262E-5   
  20671.4990234375    2.090896595912847E-5   
  20681.4990234375    2.136630218582036E-5   
  20691.4990234375    2.1472232064285398E-5  
  20701.4990234375    2.2199861491125008E-5  
  20711.4990234375    2.1975760805193705E-5  
  20721.4990234375    2.208469955439118E-5   
  20731.4990234375    2.1616360549778873E-5  
  20741.499023437504  2.0800371975455596E-5  
  20751.4990234375    1.989221715596557E-5   
  20761.4990234375    2.050700946106337E-5   
  20771.4990234375    2.1588707181368366E-5  
  20781.499023437504  2.1878882581633634E-5  
  20791.4990234375    2.2064301691373642E-5  
  20801.4990234375    2.1915255361479923E-5  
  20811.4990234375    2.1313388872740606E-5  
  20821.499023437504  2.1304177661952917E-5  
  20831.4990234375    2.122516868628843E-5   
  20841.4990234375    2.2111853150453823E-5  
  20851.4990234375    2.2045235313882437E-5  
  20861.499023437504  2.2752402458476676E-5  
  20871.4990234375    2.3591896742840213E-5  
  20881.4990234375    2.32557278397053E-5    
  20891.4990234375    2.2337980896174567E-5  
  20901.499023437504  2.173773529070352E-5   
  20911.4990234375    2.195207394886382E-5   
  20921.4990234375    2.1010175869781822E-5  
  20931.4990234375    2.126862808262859E-5   
  20941.499023437504  2.169571646367604E-5   
  20951.4990234375    2.299936397090974E-5   
  20961.4990234375    2.2172043861439055E-5  
  20971.4990234375    2.2528618232168423E-5  
  20981.499023437504  2.1918804950069493E-5  
  20991.4990234375    2.2990437986718127E-5  
  21001.4990234375    2.3182398768516664E-5  
  21011.4990234375    2.4042401302716092E-5  
  21021.499023437504  2.293335498366576E-5   
  21031.4990234375    2.2936375232874102E-5  
  21041.4990234375    2.3074508405949084E-5  
  21051.4990234375    2.3254165989806567E-5  
  21061.499023437504  2.2791574883446253E-5  
  21071.4990234375    2.279295853618541E-5   
  21081.4990234375    2.414589955403488E-5   
  21091.4990234375    2.3736173235585746E-5  
  21101.499023437504  2.3043130928038975E-5  
  21111.4990234375    2.3006271541666254E-5  
  21121.4990234375    2.3459474756382336E-5  
  21131.4990234375    2.3711093043130726E-5  
  21141.499023437504  2.3010149305411135E-5  
  21151.4990234375    2.2801761344175703E-5  
  21161.4990234375    2.3034591039250118E-5  
  21171.4990234375    2.379828100528082E-5   
  21181.499023437496  2.3521693021448537E-5  
  21191.4990234375    2.41814813851221E-5    
  21201.4990234375    2.3124042575929094E-5  
  21211.4990234375    2.4080455590144075E-5  
  21221.499023437496  2.3251969299238375E-5  
  21231.4990234375    2.3750383257424584E-5  
  21241.4990234375    2.3740303224430265E-5  
  21251.4990234375    2.4111463180215435E-5  
  21261.499023437496  2.5299620339347744E-5  
  21271.4990234375    2.6518697302053676E-5  
  21281.4990234375    2.5880312179647932E-5  
  21291.4990234375    2.5415853232492316E-5  
  21301.499023437496  2.4653050465728326E-5  
  21311.4990234375    2.5348008268033246E-5  
  21321.4990234375    2.37233895655674E-5    
  21331.4990234375    2.321913323297572E-5   
  21341.499023437496  2.263971707288028E-5   
  21351.4990234375    2.3559619449359302E-5  
  21361.4990234375    2.31789732246253E-5    
  21371.4990234375    2.3572551077074744E-5  
  21381.499023437496  2.4161677422350177E-5  
  21391.4990234375    2.5448482416651498E-5  
  21401.4990234375    2.6027621740585882E-5  
  21411.4990234375    2.6327362897522105E-5  
  21421.499023437496  2.6211183889959877E-5  
  21431.4990234375    2.650250817580789E-5   
  21441.4990234375    2.675711138076444E-5   
  21451.4990234375    2.6524808212612492E-5  
  21461.499023437496  2.6855721819632263E-5  
  21471.4990234375    2.713548334521942E-5   
  21481.4990234375    2.7647513661340972E-5  
  21491.4990234375    2.6349320518743807E-5  
  21501.499023437496  2.5769507435617095E-5  
  21511.4990234375    2.5470850019489995E-5  
  21521.4990234375    2.6473130840958492E-5  
  21531.4990234375    2.673951645461816E-5   
  21541.499023437496  2.7037545841614104E-5  
  21551.4990234375    2.8372708912939018E-5  
  21561.4990234375    2.688374074363387E-5   
  21571.4990234375    2.4624834285825323E-5  
  21581.499023437496  2.442542618728678E-5   
  21591.4990234375    2.49620411469695E-5    
  21601.4990234375    2.6799055123528174E-5  
  21611.4990234375    2.7047937764053612E-5  
  21621.4990234375    2.890056057871715E-5   
  21631.4990234375    2.8890870221010225E-5  
  21641.4990234375    2.825621089970091E-5   
  21651.4990234375    2.6421021910318913E-5  
  21661.4990234375    2.7083640717562706E-5  
  21671.4990234375    2.708167562833389E-5   
  21681.4990234375    2.8967262423156155E-5  
  21691.4990234375    2.775999629726132E-5   
  21701.4990234375    2.6787838434010682E-5  
  21711.4990234375    2.6775170892452584E-5  
  21721.4990234375    2.667568873620782E-5   
  21731.4990234375    2.716792979827467E-5   
  21741.4990234375    2.5384423629050614E-5  
  21751.4990234375    2.4903870783173712E-5  
  21761.4990234375    2.448881881094945E-5   
  21771.4990234375    2.5018711051100524E-5  
  21781.4990234375    2.52611455510833E-5    
  21791.4990234375    2.4931450933202995E-5  
  21801.4990234375    2.3959253814965768E-5  
  21811.4990234375    2.3909587797177547E-5  
  21821.4990234375    2.399002990506974E-5   
  21831.4990234375    2.4392638590515387E-5  
  21841.4990234375    2.5037807170582964E-5  
  21851.4990234375    2.517885043710802E-5   
  21861.4990234375    2.5408464191166457E-5  
  21871.4990234375    2.554441072625328E-5   
  21881.4990234375    2.5399619752414914E-5  
  21891.4990234375    2.5376763778866314E-5  
  21901.4990234375    2.6840715849501045E-5  
  21911.4990234375    2.612153211178685E-5   
  21921.4990234375    2.5483020851177345E-5  
  21931.4990234375    2.459142010369846E-5   
  21941.4990234375    2.6080692208557737E-5  
  21951.4990234375    2.786911177303266E-5   
  21961.4990234375    2.8385589508224117E-5  
  21971.4990234375    2.910461603834542E-5   
  21981.4990234375    2.9831162244583172E-5  
  21991.499023437504  3.116663793938193E-5   
  22001.4990234375    3.186075518362517E-5   
  22011.4990234375    3.1587219722737544E-5  
  22021.4990234375    3.1625223211609904E-5  
  22031.499023437504  3.19823670425657E-5    
  22041.4990234375    3.2178673174762274E-5  
  22051.4990234375    3.4040763249555015E-5  
  22061.4990234375    3.3583497203608885E-5  
  22071.499023437504  3.394446855393927E-5   
  22081.4990234375    3.330078336062389E-5   
  22091.4990234375    3.5963012194922915E-5  
  22101.4990234375    3.655194212247129E-5   
  22111.499023437504  3.684617221445265E-5   
  22121.4990234375    3.581947642822685E-5   
  22131.4990234375    3.5398180665195046E-5  
  22141.4990234375    3.440108203197866E-5   
  22151.499023437504  3.4995364341847205E-5  
  22161.4990234375    3.580521604172744E-5   
  22171.4990234375    3.706080379041541E-5   
  22181.4990234375    3.4541145026498535E-5  
  22191.499023437504  3.4916771839378356E-5  
  22201.4990234375    3.4872288382175535E-5  
  22211.4990234375    3.672037015330403E-5   
  22221.4990234375    3.6942535540533326E-5  
  22231.499023437504  3.594808898179481E-5   
  22241.4990234375    3.714815443340765E-5   
  22251.4990234375    3.8709582105752894E-5  
  22261.4990234375    4.01101970592775E-5    
  22271.499023437504  3.934710952589764E-5   
  22281.4990234375    3.764864635423403E-5   
  22291.4990234375    3.795130973021997E-5   
  22301.4990234375    3.800983032935537E-5   
  22311.499023437504  3.862375813254302E-5   
  22321.4990234375    3.7495735558759415E-5  
  22331.4990234375    3.908242473488252E-5   
  22341.4990234375    3.983313485784353E-5   
  22351.499023437504  3.941657596775933E-5   
  22361.4990234375    3.627047782587009E-5   
  22371.4990234375    3.743058360947265E-5   
  22381.4990234375    3.87614552963531E-5    
  22391.499023437504  4.122434779524532E-5   
  22401.4990234375    4.201416109047637E-5   
  22411.4990234375    4.408936447488694E-5   
  22421.4990234375    4.5612398812788034E-5  
  22431.499023437496  4.5486769031927147E-5  
  22441.4990234375    4.451209746760635E-5   
  22451.4990234375    4.340173254283765E-5   
  22461.4990234375    4.42440403705958E-5    
  22471.499023437496  4.4945274162572254E-5  
  22481.4990234375    4.645232588678958E-5   
  22491.4990234375    4.364777196327113E-5   
  22501.4990234375    4.335589108205723E-5   
  22511.499023437496  4.4407736241450784E-5  
  22521.4990234375    4.712485855119629E-5   
  22531.4990234375    4.767888796606721E-5   
  22541.4990234375    4.7142945624907354E-5  
  22551.499023437496  4.740450729501607E-5   
  22561.4990234375    4.738096985301433E-5   
  22571.4990234375    4.809778261762332E-5   
  22581.4990234375    4.5484719231225826E-5  
  22591.499023437496  4.489103302230765E-5   
  22601.4990234375    4.255669981033386E-5   
  22611.4990234375    4.30526027194888E-5    
  22621.4990234375    4.478926049156989E-5   
  22631.499023437496  4.583331943215845E-5   
  22641.4990234375    4.731803017628448E-5   
  22651.4990234375    4.603490398336257E-5   
  22661.4990234375    4.732692296815694E-5   
  22671.499023437496  4.7781059987162666E-5  
  22681.4990234375    4.6238485520436504E-5  
  22691.4990234375    4.523084039837902E-5   
  22701.4990234375    4.278386667379795E-5   
  22711.499023437496  4.294824736003829E-5   
  22721.4990234375    4.037306660662987E-5   
  22731.4990234375    3.9460926994303426E-5  
  22741.4990234375    3.9649620572780486E-5  
  22751.499023437496  3.847219970505956E-5   
  22761.4990234375    3.8373002509802425E-5  
  22771.4990234375    3.65979183250268E-5    
  22781.4990234375    3.742579657368343E-5   
  22791.499023437496  3.631843049689837E-5   
  22801.4990234375    3.39434099756312E-5    
  22811.4990234375    3.238805199832645E-5   
  22821.4990234375    3.123832500757447E-5   
  22831.499023437496  3.271555402372494E-5   
  22841.4990234375    3.194101858964492E-5   
  22851.4990234375    2.9569026637440037E-5  
  22861.4990234375    2.7664149287969642E-5  
  22871.4990234375    2.7645136103107538E-5  
  22881.4990234375    2.89955048249269E-5    
  22891.4990234375    2.809785807268855E-5   
  22901.4990234375    2.7372704065851012E-5  
  22911.4990234375    2.65270583015486E-5    
  22921.4990234375    2.630231959687853E-5   
  22931.4990234375    2.536484466831743E-5   
  22941.4990234375    2.343828577934481E-5   
  22951.4990234375    2.1672813414313992E-5  
  22961.4990234375    1.990835358115761E-5   
  22971.4990234375    2.1147477355643863E-5  
  22981.4990234375    2.092609330890464E-5   
  22991.4990234375    2.1788023668065414E-5  
  23001.4990234375    1.9742360685494365E-5  
  23011.4990234375    1.919198361165957E-5   
  23021.4990234375    1.7954460352525263E-5  
  23031.4990234375    1.8473654198245212E-5  
  23041.4990234375    1.8273531119748577E-5  
  23051.4990234375    1.8170183793191167E-5  
  23061.4990234375    1.8066886649793597E-5  
  23071.4990234375    1.8482665311778783E-5  
  23081.4990234375    1.7732022735297978E-5  
  23091.4990234375    1.698985444396559E-5   
  23101.4990234375    1.6029045491165676E-5  
  23111.4990234375    1.5917099613334932E-5  
  23121.4990234375    1.5404720351953824E-5  
  23131.4990234375    1.4860361203746472E-5  
  23141.4990234375    1.4844457655463765E-5  
  23151.4990234375    1.5334804706379544E-5  
  23161.4990234375    1.5786435844743045E-5  
  23171.4990234375    1.5314275959933117E-5  
  23181.4990234375    1.3955314034971253E-5  
  23191.4990234375    1.3715997697471022E-5  
  23201.4990234375    1.3539321082971338E-5  
  23211.4990234375    1.3186979517432319E-5  
  23221.4990234375    1.2279060779082368E-5  
  23231.4990234375    1.1577693403026388E-5  
  23241.499023437504  1.1257391767045373E-5  
  23251.4990234375    1.1087262971827213E-5  
  23261.4990234375    1.027013671375926E-5   
  23271.4990234375    9.806626985001224E-6   
  23281.499023437504  9.306620483521302E-6   
  23291.4990234375    8.96147702440722E-6    
  23301.4990234375    8.997371971290836E-6   
  23311.4990234375    8.349160419119189E-6   
  23321.499023437504  8.03776815922326E-6    
  23331.4990234375    7.09464781056195E-6    
  23341.4990234375    6.9136558714739675E-6  
  23351.4990234375    6.609955989252848E-6   
  23361.499023437504  6.453707560615994E-6   
  23371.4990234375    6.0013570819088506E-6  
  23381.4990234375    5.622050828057428E-6   
  23391.4990234375    5.6056147751989165E-6  
  23401.499023437504  5.417827603427646E-6   
  23411.4990234375    5.216512656369584E-6   
  23421.4990234375    4.8389539670913535E-6  
  23431.4990234375    4.8285911521586365E-6  
  23441.499023437504  4.847989236885544E-6   
  23451.4990234375    4.841126924425016E-6   
  23461.4990234375    4.810617251851227E-6   
  23471.4990234375    4.738010291351978E-6   
  23481.499023437504  4.473015253319423E-6   
  23491.4990234375    4.450845604907938E-6   
  23501.4990234375    4.552086696772955E-6   
  23511.4990234375    4.7972710230093295E-6  
  23521.499023437504  4.452604562579385E-6   
  23531.4990234375    4.300220797043746E-6   
  23541.4990234375    4.230745763519813E-6   
  23551.4990234375    4.363997964044099E-6   
  23561.499023437504  4.3151356312549634E-6  
  23571.4990234375    4.116346363832278E-6   
  23581.4990234375    3.97223649737632E-6    
  23591.4990234375    3.6987810825523127E-6  
  23601.499023437504  3.4300683894009854E-6  
  23611.4990234375    3.0788276126593112E-6  
  23621.4990234375    2.9525643370067034E-6  
  23631.4990234375    2.93687469698244E-6    
  23641.499023437504  2.8651548015301367E-6  
  23651.4990234375    2.543151821896423E-6   
  23661.4990234375    2.167193350497784E-6   
  23671.4990234375    1.8655480208078347E-6  
  23681.499023437496  1.6404953451283007E-6  
  23691.4990234375    1.4911945410633646E-6  
  23701.4990234375    1.326255328313471E-6   
  23711.4990234375    1.22253823980177E-6    
  23721.499023437496  1.036130346398066E-6   
  23731.4990234375    9.138346336905036E-7   
  23741.4990234375    7.490147048078985E-7   
  23751.4990234375    7.049075851378007E-7   
  23761.499023437496  6.556165622825537E-7   
  23771.4990234375    6.793467522896931E-7   
  23781.4990234375    6.518512037542401E-7   
  23791.4990234375    6.616730639094497E-7   
  23801.499023437496  6.306664937480557E-7   
  23811.4990234375    5.738308798410276E-7   
  23821.4990234375    5.155828568301415E-7   
  23831.4990234375    4.765716314926036E-7   
  23841.499023437496  4.493818247902251E-7   
  23851.4990234375    4.245010424823426E-7   
  23861.4990234375    4.0586885353773663E-7  
  23871.4990234375    4.0339550230046E-7     
  23881.499023437496  3.852134547910121E-7   
  23891.4990234375    3.6940411405927675E-7  
  23901.4990234375    3.4453477507292365E-7  
  23911.4990234375    3.3311541051879575E-7  
  23921.499023437496  3.1771184494401623E-7  
  23931.4990234375    3.042424633978022E-7   
  23941.4990234375    2.831314788211125E-7   
  23951.4990234375    2.5926229949762866E-7  
  23961.499023437496  2.4200183051980405E-7  
  23971.4990234375    2.246872700774442E-7   
  23981.4990234375    2.033104168170425E-7   
  23991.4990234375    1.8577958504698623E-7  
  24001.499023437496  1.670573598047017E-7   
  24011.4990234375    1.5403579851092818E-7  
  24021.4990234375    1.380025990571858E-7   
  24031.4990234375    1.2132180660850965E-7  
  24041.499023437496  1.0828256872315194E-7  
  24051.4990234375    9.468058908301081E-8   
  24061.4990234375    8.413544385185939E-8   
  24071.4990234375    7.237092966251117E-8   
  24081.499023437496  6.246833463837927E-8   
  24091.4990234375    5.596808476598685E-8   
  24101.4990234375    4.765935116583037E-8   
  24111.4990234375    4.2433447665114146E-8  
  24121.4990234375    3.5900398401954123E-8  
  24131.4990234375    3.207877398037874E-8   
  24141.4990234375    2.7424137968271362E-8  
  24151.4990234375    2.3192695082013535E-8  
  24161.4990234375    1.956500074347208E-8   
  24171.4990234375    1.634383647303763E-8   
  24181.4990234375    1.4435666019643909E-8  
  24191.4990234375    1.286221277616332E-8   
  24201.4990234375    1.1486820722315668E-8  
  24211.4990234375    1.0036509542695347E-8  
  24221.4990234375    8.63557677898906E-9    
  24231.4990234375    7.589843609870232E-9   
  24241.4990234375    6.8069277448938475E-9  
  24251.4990234375    5.934080060499187E-9   
  24261.4990234375    5.356539561216823E-9   
  24271.4990234375    4.626506358209402E-9   
  24281.4990234375    4.319680934234299E-9   
  24291.4990234375    3.897412495978223E-9   
  24301.4990234375    3.7183757496448968E-9  
  24311.4990234375    3.436471308836316E-9   
  24321.4990234375    3.1674711759571497E-9  
  24331.4990234375    2.8850494564660745E-9  
  24341.4990234375    2.650810306144572E-9   
  24351.4990234375    2.4733719620483934E-9  
  24361.4990234375    2.2558818209766535E-9  
  24371.4990234375    2.0932580780749576E-9  
  24381.4990234375    1.8856803447258097E-9  
  24391.4990234375    1.719890510085111E-9   
  24401.4990234375    1.5649249327084667E-9  
  24411.4990234375    1.4654928742347617E-9  
  24421.4990234375    1.3588968714724814E-9  
  24431.4990234375    1.2714876956573783E-9  
  24441.4990234375    1.165280930561613E-9   
  24451.4990234375    1.070122308742411E-9   
  24461.4990234375    9.961033358135784E-10  
  24471.4990234375    9.13586092564144E-10   
  24481.4990234375    8.271390168906108E-10  
  24491.499023437504  7.309038265960669E-10  
  24501.4990234375    6.87873235169904E-10   
  24511.4990234375    6.466737008481227E-10  
  24521.4990234375    6.137801559354564E-10  
  24531.499023437504  5.594560813964062E-10  
  24541.4990234375    5.08909593289071E-10   
  24551.4990234375    4.613069881647792E-10  
  24561.4990234375    4.2328479181548923E-10 
  24571.499023437504  3.8732535842531995E-10 
  24581.4990234375    3.413109762809991E-10  
  24591.4990234375    3.0471539596012174E-10 
  24601.4990234375    2.7841025567525346E-10 
  24611.499023437504  2.491524330970558E-10  
  24621.4990234375    2.1816523164777607E-10 
  24631.4990234375    1.913310055446444E-10  
  24641.4990234375    1.7443249715910594E-10 
  24651.499023437504  1.5485758877773522E-10 
  24661.4990234375    1.3639020067843924E-10 
  24671.4990234375    1.2100635022659398E-10 
  24681.4990234375    1.0885262842574187E-10 
  24691.499023437504  9.263572900011977E-11  
  24701.4990234375    8.082907006613168E-11  
  24711.4990234375    7.226568511721557E-11  
  24721.4990234375    6.652111114295759E-11  
  24731.499023437504  6.030563152326639E-11  
  24741.4990234375    5.35120369408616E-11   
  24751.4990234375    4.7659303897041765E-11 
  24761.4990234375    4.246709521072084E-11  
  24771.499023437504  3.787988862289084E-11  
  24781.4990234375    3.41653852530361E-11   
  24791.4990234375    3.0050847003392933E-11 
  24801.4990234375    2.7418546345417568E-11 
  24811.499023437504  2.6292035067557646E-11 
  24821.4990234375    2.4878334627324526E-11 
  24831.4990234375    2.2895176064382266E-11 
  24841.4990234375    2.076926840427713E-11  
  24851.499023437504  1.941680498726951E-11  
  24861.4990234375    1.8352414578095926E-11 
  24871.4990234375    1.7010590396770312E-11 
  24881.4990234375    1.6482793555755493E-11 
  24891.499023437504  1.583786865526629E-11  
  24901.4990234375    1.545149806264454E-11  
  24911.4990234375    1.4985460403956332E-11 
  24921.4990234375    1.5285308691957212E-11 
  24931.499023437496  1.577119775543591E-11  
  24941.4990234375    1.608375490150515E-11  
  24951.4990234375    1.6139564149839108E-11 
  24961.4990234375    1.6414842343700138E-11 
  24971.499023437496  1.6901985104617684E-11 
  24981.4990234375    1.746828024663305E-11  
  24991.4990234375    1.775466687500362E-11  
  25001.4990234375    1.799426519900847E-11  
  25011.499023437496  1.822695403961703E-11  
  25021.4990234375    1.8495948090232045E-11 
  25031.4990234375    1.861405029340418E-11  
  25041.4990234375    1.863725868571793E-11  
  25051.499023437496  1.85084158663531E-11   
  25061.4990234375    1.831142031572672E-11  
  25071.4990234375    1.7971490258276888E-11 
  25081.4990234375    1.7500168746387524E-11 
  25091.499023437496  1.6978119109002952E-11 
  25101.4990234375    1.6406613990420843E-11 
  25111.4990234375    1.576809241605505E-11  
  25121.4990234375    1.503466289215431E-11  
  25131.499023437496  1.4279818220481523E-11 
  25141.4990234375    1.3497266331260045E-11 
  25151.4990234375    1.2656485804121113E-11 
  25161.4990234375    1.1788370200624224E-11 
  25171.499023437496  1.0941757799051925E-11 
  25181.4990234375    1.0161777772599942E-11 
  25191.4990234375    9.37265761093899E-12   
  25201.4990234375    8.600598833651356E-12  
  25211.499023437496  7.819883664754024E-12  
  25221.4990234375    7.081668219048756E-12  
  25231.4990234375    6.3645489944780236E-12 
  25241.4990234375    5.702419371353224E-12  
  25251.499023437496  5.080796317450085E-12  
  25261.4990234375    4.535469656012743E-12  
  25271.4990234375    4.0244091294720204E-12 
  25281.4990234375    3.5675615414250357E-12 
  25291.499023437496  3.138355629090787E-12  
  25301.4990234375    2.7672013340319016E-12 
  25311.4990234375    2.4523200074488375E-12 
  25321.4990234375    2.163806185355262E-12  
  25331.499023437496  1.9119653378772547E-12 
  25341.4990234375    1.6862072004319627E-12 
  25351.4990234375    1.5095935828593795E-12 
  25361.4990234375    1.3624949116207944E-12 
  25371.4990234375    1.2285851524324051E-12 
  25381.4990234375    1.11590108506385E-12   
  25391.4990234375    1.0197990456283822E-12 
  25401.4990234375    9.383382602591142E-13  
  25411.4990234375    8.672519402014385E-13  
  25421.4990234375    8.006394537790666E-13  
  25431.4990234375    7.433943545433182E-13  
  25441.4990234375    6.96444549978685E-13   
  25451.4990234375    6.560187537744715E-13  
  25461.4990234375    6.238103815013984E-13  
  25471.4990234375    5.886290816159391E-13  
  25481.4990234375    5.648091912539733E-13  
  25491.4990234375    5.33083369276417E-13   
  25501.4990234375    5.040954026793937E-13  
  25511.4990234375    4.697928797940091E-13  
  25521.4990234375    4.4260938447389914E-13 
  25531.4990234375    4.148116363172505E-13  
  25541.4990234375    3.884287477265725E-13  
  25551.4990234375    3.6392014120740766E-13 
  25561.4990234375    3.3781586229114977E-13 
  25571.4990234375    3.1214999872454746E-13 
  25581.4990234375    2.8766716066289957E-13 
  25591.4990234375    2.6585273638108417E-13 
  25601.4990234375    2.444300053540235E-13  
  25611.4990234375    2.2339347220007472E-13 
  25621.4990234375    2.0368252624838658E-13 
  25631.4990234375    1.8535631043311904E-13 
  25641.4990234375    1.6685990921149194E-13 
  25651.4990234375    1.4963615982164937E-13 
  25661.4990234375    1.3461696984144657E-13 
  25671.4990234375    1.2014273115986343E-13 
  25681.4990234375    1.0683160644791261E-13 
  25691.4990234375    9.375007278701029E-14  
  25701.4990234375    8.223559518382166E-14  
  25711.4990234375    7.273969601990085E-14  
  25721.4990234375    6.415519993206659E-14  
  25731.4990234375    5.6610122734325457E-14 
  25741.499023437504  4.884879278315747E-14  
  25751.4990234375    4.2418126185018415E-14 
  25761.4990234375    3.683084513137112E-14  
  25771.4990234375    3.2030531284026115E-14 
  25781.499023437504  2.795055345953584E-14  
  25791.4990234375    2.4261435851100257E-14 
  25801.4990234375    2.1151181827708628E-14 
  25811.4990234375    1.8231074187055816E-14 
  25821.499023437504  1.569806070836014E-14  
  25831.4990234375    1.3611133487355987E-14 
  25841.4990234375    1.186999069676875E-14  
  25851.4990234375    1.040154458372422E-14  
  25861.499023437504  9.029386753569681E-15  
  25871.4990234375    7.94613189395977E-15   
  25881.4990234375    6.903890512887038E-15  
  25891.4990234375    6.055921258858917E-15  
  25901.499023437504  5.253753271939498E-15  
  25911.4990234375    4.656801359448776E-15  
  25921.4990234375    4.125394155479478E-15  
  25931.4990234375    3.600982505541474E-15  
  25941.499023437504  3.188955025359833E-15  
  25951.4990234375    2.7703187505773948E-15 
  25961.4990234375    2.4308481953577855E-15 
  25971.4990234375    2.148740626145627E-15  
  25981.499023437504  1.9265540877278595E-15 
  25991.4990234375    1.7346597204315696E-15 
