# microns              throughput             
  5505.4998779296875   1.0883525334825567E-9  
  5515.4998779296875   9.748091890415574E-10  
  5525.4998779296875   1.9919374897945435E-9  
  5535.4998779296875   2.377787555493523E-9   
  5545.4998779296875   1.0902560049614259E-9  
  5555.4998779296875   2.508507128500659E-9   
  5565.4998779296875   2.6272609846947534E-9  
  5575.4998779296875   3.7352007342350545E-9  
  5585.4998779296875   2.205055387728679E-9   
  5595.4998779296875   1.5720784808742468E-9  
  5605.4998779296875   7.087587766078149E-10  
  5615.4998779296875   4.046388769690647E-9   
  5625.4998779296875   4.662585439997458E-9   
  5635.4998779296875   3.6819234207547067E-9  
  5645.4998779296875   3.7686039645806705E-9  
  5655.4998779296875   1.8753017958998494E-9  
  5665.4998779296875   2.727436885373019E-9   
  5675.4998779296875   3.090155733226391E-9   
  5685.4998779296875   3.4209488280677543E-9  
  5695.4998779296875   3.0384736839819743E-9  
  5705.4998779296875   1.2850997826140135E-9  
  5715.4998779296875   2.603151348100494E-9   
  5725.4998779296875   3.550569140867881E-9   
  5735.4998779296875   6.678545554685635E-9   
  5745.4998779296875   4.117459335053307E-9   
  5755.4998779296875   2.6915768897392093E-9  
  5765.4998779296875   3.917781485353407E-9   
  5775.4998779296875   1.3325873746724431E-9  
  5785.4998779296875   2.8784537371980996E-9  
  5795.4998779296875   3.425535326990855E-9   
  5805.4998779296875   8.527615672450459E-9   
  5815.4998779296875   3.5915515820765423E-9  
  5825.4998779296875   1.0538279346499784E-8  
  5835.4998779296875   8.89278582188654E-9    
  5845.4998779296875   7.586126752194827E-9   
  5855.4998779296875   5.600342650268296E-9   
  5865.4998779296875   1.4672168618406338E-8  
  5875.4998779296875   1.1820691693948049E-8  
  5885.4998779296875   9.672317812780138E-9   
  5895.4998779296875   2.6995049324000268E-9  
  5905.4998779296875   2.9448880474528768E-9  
  5915.4998779296875   1.463833062160776E-8   
  5925.4998779296875   1.0825099483802625E-8  
  5935.4998779296875   8.366305035822327E-9   
  5945.4998779296875   1.0881409482870082E-8  
  5955.4998779296875   2.1068501886475246E-8  
  5965.4998779296875   1.2182746771300379E-8  
  5975.4998779296875   2.978463676493807E-9   
  5985.4998779296875   8.591595987524507E-9   
  5995.4998779296875   1.1895458347299943E-8  
  6005.4998779296875   2.2934556330832783E-8  
  6015.4998779296875   1.495456157731603E-8   
  6025.4998779296875   1.931986039244044E-8   
  6035.4998779296875   1.7774251316072546E-8  
  6045.4998779296875   1.2344222584045075E-8  
  6055.4998779296875   1.372508320260001E-8   
  6065.4998779296875   4.221302388153439E-9   
  6075.4998779296875   1.8614442594875397E-8  
  6085.4998779296875   2.2158995256759233E-8  
  6095.4998779296875   2.9582230893412223E-8  
  6105.4998779296875   1.8422371541985907E-8  
  6115.4998779296875   3.237626423900371E-8   
  6125.4998779296875   1.8864554142853093E-8  
  6135.4998779296875   3.50975096950743E-8    
  6145.4998779296875   2.2041091152779403E-8  
  6155.4998779296875   1.583247247200909E-8   
  6165.4998779296875   1.4410022272914358E-8  
  6175.4998779296875   1.7071452243540716E-8  
  6185.4998779296875   1.3540221169954602E-8  
  6195.4998779296875   3.708030282889765E-8   
  6205.4998779296875   2.4547265007837202E-8  
  6215.4998779296875   3.402861562108473E-8   
  6225.4998779296875   1.9061569822411877E-8  
  6235.4998779296875   1.7497430989881122E-8  
  6245.4998779296875   3.3744799116044884E-8  
  6255.4998779296875   3.922302108612745E-8   
  6265.4998779296875   2.256858880751429E-8   
  6275.4998779296875   1.564836868776909E-8   
  6285.4998779296875   3.055150878152548E-8   
  6295.4998779296875   5.888770124940981E-8   
  6305.4998779296875   5.475723839100331E-8   
  6315.4998779296875   4.0447877776985966E-8  
  6325.4998779296875   6.765707137550675E-8   
  6335.4998779296875   6.454004051479474E-8   
  6345.4998779296875   3.312697267050475E-8   
  6355.4998779296875   6.476792247190984E-8   
  6365.4998779296875   5.839055803275915E-8   
  6375.4998779296875   8.342577309546544E-8   
  6385.4998779296875   2.8934896542582523E-8  
  6395.4998779296875   4.857464783729492E-8   
  6405.4998779296875   7.654982376412107E-8   
  6415.4998779296875   4.8262228655445846E-8  
  6425.4998779296875   5.511146795019428E-8   
  6435.4998779296875   4.4013817632618466E-8  
  6445.4998779296875   4.13326730600025E-8    
  6455.4998779296875   6.344978206288148E-8   
  6465.4998779296875   6.615904328837456E-8   
  6475.4998779296875   7.291714741159617E-8   
  6485.499877929688    6.866720799979269E-8   
  6495.499877929688    9.427025962499591E-8   
  6505.499877929688    6.52134828035791E-8    
  6515.499877929688    8.195186146832051E-8   
  6525.499877929688    7.689096783448252E-8   
  6535.499877929688    6.217773088434336E-8   
  6545.499877929688    9.163658746207384E-8   
  6555.499877929688    8.65022231210296E-8    
  6565.499877929688    1.0444648696138492E-7  
  6575.499877929688    9.383987857713966E-8   
  6585.499877929688    8.891251590873653E-8   
  6595.499877929687    8.568170636150369E-8   
  6605.499877929687    9.624341744492221E-8   
  6615.499877929687    8.945807800100672E-8   
  6625.499877929687    1.051724828237259E-7   
  6635.499877929687    1.1682210316448039E-7  
  6645.499877929687    1.2229905329809377E-7  
  6655.499877929687    1.3237269532572524E-7  
  6665.499877929687    1.1935964244118042E-7  
  6675.499877929687    1.3954610405866418E-7  
  6685.499877929687    1.3003623837700675E-7  
  6695.499877929687    1.295378354324054E-7   
  6705.4998779296875   1.619176902323435E-7   
  6715.4998779296875   1.633018979574539E-7   
  6725.4998779296875   1.3016816896056168E-7  
  6735.4998779296875   1.765160686523202E-7   
  6745.4998779296875   1.8136141286528494E-7  
  6755.4998779296875   1.6259579614093123E-7  
  6765.4998779296875   1.505761028560242E-7   
  6775.4998779296875   1.3359704487447004E-7  
  6785.4998779296875   1.8413156889999127E-7  
  6795.4998779296875   1.6642677176674246E-7  
  6805.4998779296875   1.437122450062753E-7   
  6815.4998779296875   1.6917134465899997E-7  
  6825.4998779296875   1.8324385798140166E-7  
  6835.4998779296875   1.9819680185135414E-7  
  6845.4998779296875   1.9029860405212405E-7  
  6855.4998779296875   2.0745889446562202E-7  
  6865.4998779296875   2.0523258993911812E-7  
  6875.4998779296875   2.2369677778751743E-7  
  6885.4998779296875   2.1406182671543588E-7  
  6895.4998779296875   2.0949262533418202E-7  
  6905.4998779296875   2.1848530621956432E-7  
  6915.4998779296875   2.1830454079152322E-7  
  6925.4998779296875   2.243521266424116E-7   
  6935.4998779296875   2.2112444776791014E-7  
  6945.4998779296875   2.5045455244495283E-7  
  6955.4998779296875   2.4047760672211363E-7  
  6965.4998779296875   2.4306418901071895E-7  
  6975.4998779296875   2.6687244312031073E-7  
  6985.4998779296875   2.6481135358218606E-7  
  6995.4998779296875   2.463149666805052E-7   
  7005.4998779296875   2.4440630270491446E-7  
  7015.4998779296875   2.386086339419453E-7   
  7025.4998779296875   2.682732173868876E-7   
  7035.4998779296875   2.5190362959227975E-7  
  7045.4998779296875   2.648702544774438E-7   
  7055.4998779296875   2.3215935812922664E-7  
  7065.4998779296875   2.7888808635350303E-7  
  7075.4998779296875   2.658765387203036E-7   
  7085.4998779296875   2.8836241744645953E-7  
  7095.4998779296875   3.128075215840912E-7   
  7105.4998779296875   3.1585512675032103E-7  
  7115.4998779296875   3.035939377601974E-7   
  7125.4998779296875   2.973810581668602E-7   
  7135.4998779296875   3.262932535361517E-7   
  7145.4998779296875   3.497033144256465E-7   
  7155.4998779296875   3.3726809535642715E-7  
  7165.4998779296875   3.416703435962891E-7   
  7175.4998779296875   3.983930686475811E-7   
  7185.4998779296875   3.532529503351111E-7   
  7195.4998779296875   3.800658722822455E-7   
  7205.4998779296875   3.581790977215139E-7   
  7215.4998779296875   3.671036572499184E-7   
  7225.4998779296875   3.971542717871187E-7   
  7235.4998779296875   3.710336873096736E-7   
  7245.4998779296875   3.782147401570193E-7   
  7255.4998779296875   4.1928587681123115E-7  
  7265.4998779296875   3.6205769265963955E-7  
  7275.4998779296875   3.663541468843004E-7   
  7285.4998779296875   3.5852305969143473E-7  
  7295.4998779296875   3.370337004447778E-7   
  7305.4998779296875   3.0816646022224467E-7  
  7315.4998779296875   3.1182937140450593E-7  
  7325.4998779296875   3.7341477582159175E-7  
  7335.4998779296875   3.136331628321241E-7   
  7345.4998779296875   2.7774790764749744E-7  
  7355.4998779296875   3.0504166930805795E-7  
  7365.4998779296875   2.982874192943974E-7   
  7375.4998779296875   3.155521264056723E-7   
  7385.4998779296875   3.0041507486361146E-7  
  7395.4998779296875   3.666571308277724E-7   
  7405.4998779296875   3.6083992524074814E-7  
  7415.4998779296875   3.4766423761895085E-7  
  7425.4998779296875   3.305213137583538E-7   
  7435.4998779296875   3.917928766946566E-7   
  7445.4998779296875   3.690035299842066E-7   
  7455.4998779296875   3.6025166858018504E-7  
  7465.4998779296875   3.730135394251061E-7   
  7475.4998779296875   3.707884715396551E-7   
  7485.4998779296875   4.198681712520438E-7   
  7495.4998779296875   3.9133695700665247E-7  
  7505.4998779296875   4.156153310256977E-7   
  7515.4998779296875   4.4367675757033153E-7  
  7525.4998779296875   4.2078073359804756E-7  
  7535.4998779296875   4.512993156161906E-7   
  7545.4998779296875   4.4079158506599885E-7  
  7555.4998779296875   4.339298566754287E-7   
  7565.4998779296875   4.0285833254224803E-7  
  7575.4998779296875   4.400760288588626E-7   
  7585.4998779296875   4.876332508538708E-7   
  7595.4998779296875   4.950256423457762E-7   
  7605.4998779296875   5.121333421481719E-7   
  7615.4998779296875   5.014059385033963E-7   
  7625.4998779296875   5.580559847613583E-7   
  7635.4998779296875   5.59472083983732E-7    
  7645.4998779296875   5.764088409896747E-7   
  7655.4998779296875   6.009611056844795E-7   
  7665.4998779296875   6.076355607465683E-7   
  7675.4998779296875   6.623765297835539E-7   
  7685.4998779296875   7.120595549839014E-7   
  7695.4998779296875   9.407752386728873E-7   
  7705.4998779296875   1.0915812644117597E-6  
  7715.4998779296875   1.495272609507841E-6   
  7725.4998779296875   2.001101558842587E-6   
  7735.499877929688    2.9799669686601778E-6  
  7745.499877929688    4.529146613782831E-6   
  7755.499877929688    6.707809582498162E-6   
  7765.499877929688    9.75939717636305E-6    
  7775.499877929688    1.384757732113915E-5   
  7785.499877929688    1.948446578299097E-5   
  7795.499877929688    2.6445077695231808E-5  
  7805.499877929688    3.7085198118349635E-5  
  7815.499877929688    5.2794901108578756E-5  
  7825.499877929688    7.93500137027452E-5    
  7835.499877929688    1.3125921885095453E-4  
  7845.499877929687    2.2668773496778332E-4  
  7855.499877929687    4.3980253148811154E-4  
  7865.499877929687    9.525149938752049E-4   
  7875.499877929687    0.0021541545967412442  
  7885.499877929687    0.005055232778637447   
  7895.499877929687    0.011824980305198827   
  7905.499877929687    0.024767990802311308   
  7915.499877929687    0.046112271793672235   
  7925.499877929687    0.07530932805786957    
  7935.499877929687    0.11083310970209298    
  7945.499877929687    0.14606641198830955    
  7955.4998779296875   0.1777117811627584     
  7965.4998779296875   0.20422583725227478    
  7975.4998779296875   0.22379644106288887    
  7985.4998779296875   0.23770694301054066    
  7995.4998779296875   0.24654701436387916    
  8005.4998779296875   0.2527261603043445     
  8015.4998779296875   0.2557575525157888     
  8025.4998779296875   0.2570099249134571     
  8035.4998779296875   0.2581219892260185     
  8045.4998779296875   0.25945855896995307    
  8055.4998779296875   0.25992273742111294    
  8065.4998779296875   0.25823316680611597    
  8075.4998779296875   0.25417340563018503    
  8085.4998779296875   0.24937427039398977    
  8095.4998779296875   0.24614198239977098    
  8105.4998779296875   0.24556799577321892    
  8115.4998779296875   0.2472917935982541     
  8125.4998779296875   0.2503287915415324     
  8135.4998779296875   0.25237273634684415    
  8145.4998779296875   0.25462570273756924    
  8155.4998779296875   0.2540132677151209     
  8165.4998779296875   0.2538252379328597     
  8175.4998779296875   0.25548754236702986    
  8185.4998779296875   0.25972085502780523    
  8195.499877929688    0.26405462329858426    
  8205.499877929688    0.26980497257255603    
  8215.499877929688    0.27403995240286627    
  8225.499877929688    0.2760387026162331     
  8235.499877929688    0.2766851721606528     
  8245.499877929688    0.27590978379689796    
  8255.499877929688    0.27280961893789213    
  8265.499877929688    0.2698149255323458     
  8275.499877929688    0.2682908548751406     
  8285.499877929688    0.268086219962247      
  8295.499877929688    0.2689016915398952     
  8305.499877929688    0.2696855853693342     
  8315.499877929688    0.27043672675414293    
  8325.499877929688    0.2699251242763103     
  8335.499877929688    0.2682662713060524     
  8345.499877929688    0.2663741047999827     
  8355.499877929688    0.2666130703392823     
  8365.499877929688    0.2675175158870293     
  8375.499877929688    0.26944330777676206    
  8385.499877929688    0.2718704095989116     
  8395.499877929688    0.2737544971433922     
  8405.499877929688    0.2755178117798529     
  8415.499877929688    0.27723460994865945    
  8425.499877929688    0.2788502892892055     
  8435.499877929688    0.27990058086350433    
  8445.499877929688    0.280880993841227      
  8455.499877929688    0.2811015126277434     
  8465.499877929688    0.2814294279898058     
  8475.499877929688    0.28008775563606436    
  8485.499877929688    0.27966315612946696    
  8495.499877929688    0.2809458117255722     
  8505.499877929688    0.2820784363529606     
  8515.499877929688    0.2837327208260009     
  8525.499877929688    0.2832340088071639     
  8535.499877929688    0.2827626300218077     
  8545.499877929688    0.2823018490275474     
  8555.499877929688    0.28053514412535974    
  8565.499877929688    0.280503363172641      
  8575.499877929688    0.28064588179850525    
  8585.499877929688    0.28137296227661224    
  8595.499877929688    0.280825051021595      
  8605.499877929688    0.28210684557292365    
  8615.499877929688    0.2822711676197458     
  8625.499877929688    0.2809774374824691     
  8635.499877929688    0.2804843505122233     
  8645.499877929688    0.28197249689422543    
  8655.499877929688    0.2830183329249286     
  8665.499877929688    0.2868565925432044     
  8675.499877929688    0.2877086884266995     
  8685.499877929688    0.2881087254690978     
  8695.499877929688    0.289766539310232      
  8705.499877929688    0.2921543144341798     
  8715.499877929688    0.2911438133534159     
  8725.499877929688    0.29359894343569387    
  8735.499877929688    0.2937844876834062     
  8745.499877929688    0.29398763107351517    
  8755.499877929688    0.2909229321117295     
  8765.499877929688    0.29040458196903224    
  8775.499877929688    0.29261924974619535    
  8785.499877929688    0.29130211118641325    
  8795.499877929688    0.28800761685917686    
  8805.499877929688    0.2906779655744843     
  8815.499877929688    0.28856576250378874    
  8825.499877929688    0.2888304711578725     
  8835.499877929688    0.28794986890514684    
  8845.499877929688    0.2887053780917092     
  8855.499877929688    0.28298693003658437    
  8865.499877929688    0.2795561556899316     
  8875.499877929688    0.2840774685940617     
  8885.499877929688    0.28987976661930226    
  8895.499877929688    0.2876491459528134     
  8905.499877929688    0.2885478896104541     
  8915.499877929688    0.2950683246721999     
  8925.499877929688    0.2973645937550149     
  8935.499877929688    0.2983506448154143     
  8945.499877929688    0.2994331110643398     
  8955.499877929688    0.29977452464919174    
  8965.499877929688    0.2984008080984684     
  8975.499877929688    0.2976333050585323     
  8985.499877929688    0.29662374707454403    
  8995.499877929688    0.2954601538846272     
  9005.499877929688    0.29420545495761097    
  9015.499877929688    0.2921911089314544     
  9025.499877929688    0.2912465179197968     
  9035.499877929688    0.2888911291907514     
  9045.499877929688    0.287256635260593      
  9055.499877929688    0.2879020368871781     
  9065.499877929688    0.2865446369793293     
  9075.499877929688    0.2853330054306562     
  9085.499877929688    0.28695361542860764    
  9095.499877929688    0.287975341350048      
  9105.499877929688    0.2902717228938937     
  9115.499877929688    0.29210360126886437    
  9125.499877929688    0.2945227589329135     
  9135.499877929688    0.29808843373588034    
  9145.499877929688    0.30027881839439974    
  9155.499877929688    0.3030972295827638     
  9165.499877929688    0.30735793566709235    
  9175.499877929688    0.3085247498539765     
  9185.499877929688    0.311216209020083      
  9195.499877929688    0.31189388318027944    
  9205.499877929688    0.3116351988447535     
  9215.499877929688    0.312311402883543      
  9225.499877929688    0.3113822953825536     
  9235.499877929688    0.3103562164992274     
  9245.499877929688    0.30742920828065445    
  9255.499877929688    0.3064206119086008     
  9265.499877929688    0.3047453538541295     
  9275.499877929688    0.3030416117018988     
  9285.499877929688    0.3019915538026078     
  9295.499877929688    0.3021408869198291     
  9305.499877929688    0.30175211599762275    
  9315.499877929688    0.3021233718174635     
  9325.499877929688    0.3020897177902241     
  9335.499877929688    0.3015719895117605     
  9345.499877929688    0.30165686596119234    
  9355.499877929688    0.30134155035471183    
  9365.499877929688    0.3010379972833366     
  9375.499877929688    0.3010585859445636     
  9385.499877929688    0.3005734801070816     
  9395.499877929688    0.30146450865110774    
  9405.499877929688    0.30330807097893026    
  9415.499877929688    0.30444611384373377    
  9425.499877929688    0.3063867662536345     
  9435.499877929688    0.3075367904731742     
  9445.499877929688    0.30946760072194       
  9455.499877929688    0.31017448067588327    
  9465.499877929688    0.31092916646570956    
  9475.499877929688    0.31007047707061947    
  9485.499877929688    0.3094851228965917     
  9495.499877929688    0.3093942039125192     
  9505.499877929688    0.30861562471724496    
  9515.499877929688    0.3092693476460946     
  9525.499877929688    0.30676099197294354    
  9535.499877929688    0.3061546048646644     
  9545.499877929688    0.30462728324082156    
  9555.499877929688    0.304207868045952      
  9565.499877929688    0.30343421282724103    
  9575.499877929688    0.30268464611235113    
  9585.499877929688    0.30374859897622003    
  9595.499877929688    0.303768337754147      
  9605.499877929688    0.30397849358369283    
  9615.499877929688    0.3050370096605348     
  9625.499877929688    0.3068896266992019     
  9635.499877929688    0.30882038076986207    
  9645.499877929688    0.3110151521510738     
  9655.499877929688    0.31220608118884374    
  9665.499877929688    0.31302889148282875    
  9675.499877929688    0.3140758143634903     
  9685.499877929688    0.31497431113773355    
  9695.499877929688    0.31619911365727893    
  9705.499877929688    0.3154107282962707     
  9715.499877929688    0.31538803190344167    
  9725.499877929688    0.3151172725321373     
  9735.499877929688    0.3147112148446183     
  9745.499877929688    0.3127093695816792     
  9755.499877929688    0.31357451371757306    
  9765.499877929688    0.31118781929301453    
  9775.499877929688    0.30990751974106406    
  9785.499877929688    0.3082914209131761     
  9795.499877929688    0.30671007325122746    
  9805.499877929688    0.3047115623906602     
  9815.499877929688    0.3056966884953004     
  9825.499877929688    0.3061836255760312     
  9835.499877929688    0.30759612696518557    
  9845.499877929688    0.30956905928395057    
  9855.499877929688    0.3127237101333265     
  9865.499877929688    0.31416123321357403    
  9875.499877929688    0.31645551991963816    
  9885.499877929688    0.31766620808214463    
  9895.499877929688    0.3185562007368896     
  9905.499877929688    0.31864062233333645    
  9915.499877929688    0.31783110986677815    
  9925.499877929688    0.3176359499750564     
  9935.499877929688    0.31608802158265836    
  9945.499877929688    0.3146174153331247     
  9955.499877929688    0.31502474123548985    
  9965.499877929688    0.31398740608263587    
  9975.499877929688    0.31306132024516575    
  9985.499877929688    0.3102327342753822     
  9995.499877929688    0.30534316868283073    
  10005.499877929688   0.29438193483059905    
  10015.499877929688   0.2762219157275618     
  10025.499877929688   0.24834710153583572    
  10035.499877929688   0.21229884969607005    
  10045.499877929688   0.1763260492939213     
  10055.499877929688   0.14287778389738665    
  10065.499877929688   0.11762528090889754    
  10075.499877929688   0.09478233446620238    
  10085.499877929688   0.07861921103249975    
  10095.499877929688   0.06398452280083619    
  10105.499877929688   0.05451749779303945    
  10115.499877929688   0.045701083108193125   
  10125.499877929688   0.03982713556043495    
  10135.499877929688   0.033793246333699845   
  10145.499877929688   0.029804687356980934   
  10155.499877929688   0.025438239948125746   
  10165.499877929688   0.02244674565878449    
  10175.499877929688   0.019019641736726794   
  10185.499877929688   0.015984946064147083   
  10195.499877929688   0.012854716298932665   
  10205.499877929688   0.009944049119811695   
  10215.499877929688   0.00743093707571129    
  10225.499877929688   0.005358740849853633   
  10235.499877929688   0.003977757132448461   
  10245.50048828125    0.0027957749263409176  
  10255.50048828125    0.001987204507877101   
  10265.50048828125    0.0013931232841452859  
  10275.50048828125    0.0010015201555004312  
  10285.50048828125    7.28243885340739E-4    
  10295.50048828125    5.202795762285824E-4   
  10305.50048828125    4.0025175580722596E-4  
  10315.50048828125    2.960098786570056E-4   
  10325.50048828125    2.2447607158963936E-4  
  10335.50048828125    1.700447030114036E-4   
  10345.50048828125    1.318806654887123E-4   
  10355.50048828125    1.0106264462866589E-4  
  10365.50048828125    8.025801795802644E-5   
  10375.50048828125    6.443835802856377E-5   
  10385.50048828125    5.0398864381881936E-5  
  10395.50048828125    4.1558413167287314E-5  
  10405.50048828125    3.365080176353633E-5   
  10415.50048828125    2.7484842742156946E-5  
  10425.50048828125    2.2542121688755398E-5  
  10435.50048828125    1.8749092991183404E-5  
  10445.50048828125    1.6100565984040815E-5  
  10455.50048828125    1.3343768860035955E-5  
  10465.50048828125    1.1580537851223185E-5  
  10475.50048828125    1.0340877277573254E-5  
  10485.50048828125    8.544924752031359E-6   
  10495.50048828125    8.097821259230564E-6   
  10505.50048828125    7.124127774418677E-6   
  10515.50048828125    6.365847796857283E-6   
  10525.50048828125    5.7038469246894584E-6  
  10535.50048828125    5.2050896566147385E-6  
  10545.50048828125    4.028654355011124E-6   
  10555.50048828125    4.684712342495694E-6   
  10565.50048828125    4.773548453557777E-6   
  10575.50048828125    4.004216474870459E-6   
  10585.50048828125    4.0684905697143555E-6  
  10595.50048828125    3.630706762100976E-6   
  10605.50048828125    3.4172730029142132E-6  
  10615.500488281252   3.4076998007928683E-6  
  10625.50048828125    3.347426766465401E-6   
  10635.500488281252   2.6711302172764707E-6  
  10645.50048828125    3.0129675924896015E-6  
  10655.500488281252   2.6153471135831346E-6  
  10665.50048828125    3.5960017660133452E-6  
  10675.500488281252   2.7183573722224216E-6  
  10685.50048828125    3.2779003428889596E-6  
  10695.500488281252   2.8002511261385226E-6  
  10705.50048828125    2.9664658765422275E-6  
  10715.500488281252   2.469451105762798E-6   
  10725.50048828125    2.8418546019659604E-6  
  10735.500488281252   2.894168847198291E-6   
  10745.50048828125    2.974382933825391E-6   
  10755.500488281252   1.9342789605450947E-6  
  10765.50048828125    3.4792902704548E-6     
  10775.500488281252   2.2421160805159904E-6  
  10785.50048828125    2.5969589779976583E-6  
  10795.500488281252   2.7536946792238647E-6  
  10805.50048828125    3.2554551913126705E-6  
  10815.500488281252   2.549153069648611E-6   
  10825.50048828125    2.2385951945807717E-6  
  10835.500488281248   2.1453847435486987E-6  
  10845.50048828125    2.603502797156753E-6   
  10855.500488281248   2.156868403175523E-6   
  10865.50048828125    2.3998578938427365E-6  
  10875.500488281248   2.6921540188598825E-6  
  10885.50048828125    2.0232689511456455E-6  
  10895.500488281248   3.134350770073911E-6   
  10905.50048828125    2.3946694301629145E-6  
  10915.500488281248   2.0313353519409434E-6  
  10925.50048828125    1.9932834977426114E-6  
  10935.500488281248   2.767681346991074E-6   
  10945.50048828125    2.5653491896764535E-6  
  10955.500488281248   2.0373505474421267E-6  
  10965.50048828125    2.1461784652266643E-6  
  10975.500488281248   3.0165885104559655E-6  
  10985.50048828125    2.228471912351799E-6   
  10995.500488281248   1.9401073042985457E-6  
  11005.50048828125    2.162939302393576E-6   
  11015.500488281248   2.6693383154507488E-6  
  11025.50048828125    2.539990570084884E-6   
  11035.500488281248   1.6321892215263613E-6  
  11045.50048828125    2.28541194615059E-6    
  11055.50048828125    2.109434003772676E-6   
  11065.50048828125    1.885053899639836E-6   
  11075.50048828125    2.0460212884833146E-6  
  11085.50048828125    2.298093052745529E-6   
  11095.50048828125    2.0829393614892114E-6  
  11105.50048828125    2.910689233802269E-6   
  11115.50048828125    1.794147239042997E-6   
  11125.50048828125    2.9190638160558027E-6  
  11135.50048828125    2.2605879183130198E-6  
  11145.50048828125    2.317074724796926E-6   
  11155.50048828125    2.301461263515819E-6   
  11165.50048828125    2.611496806939824E-6   
  11175.50048828125    2.8560175926307047E-6  
  11185.50048828125    2.4056270113303074E-6  
  11195.50048828125    2.54102761626549E-6    
  11205.50048828125    2.4943349549866523E-6  
  11215.50048828125    2.948627240428003E-6   
  11225.50048828125    2.7574800850138722E-6  
  11235.50048828125    1.850165556441522E-6   
  11245.50048828125    2.2479656117127213E-6  
  11255.50048828125    2.1966462706476094E-6  
  11265.50048828125    2.2518349794043923E-6  
  11275.50048828125    2.3890490232340013E-6  
  11285.50048828125    2.2056509246659714E-6  
  11295.50048828125    3.4831053571472376E-6  
  11305.50048828125    2.5517826708745843E-6  
  11315.50048828125    2.2216436313778144E-6  
  11325.50048828125    2.2100883970134936E-6  
  11335.50048828125    2.2046790621320316E-6  
  11345.50048828125    2.4578185360494103E-6  
  11355.50048828125    2.946639659646669E-6   
  11365.50048828125    2.117594081608327E-6   
  11375.50048828125    2.4863965440721183E-6  
  11385.50048828125    2.8290321171713606E-6  
  11395.50048828125    2.2222728772759346E-6  
  11405.50048828125    2.8490175007512485E-6  
  11415.50048828125    2.0806895023494977E-6  
  11425.50048828125    2.9332955573577954E-6  
  11435.50048828125    2.5838652032074274E-6  
  11445.50048828125    2.4510329268238676E-6  
  11455.50048828125    2.217366415355176E-6   
  11465.50048828125    2.339059000007362E-6   
  11475.50048828125    2.163103620459238E-6   
  11485.50048828125    2.6617783844276902E-6  
  11495.50048828125    2.4011101867529497E-6  
  11505.50048828125    2.4946167503757377E-6  
  11515.50048828125    2.3167259818855656E-6  
  11525.50048828125    2.7814471720724922E-6  
  11535.50048828125    2.5758844637338103E-6  
  11545.50048828125    2.3998977777259657E-6  
  11555.50048828125    2.833990021778393E-6   
  11565.50048828125    1.9323800079592884E-6  
  11575.50048828125    2.897952342959753E-6   
  11585.50048828125    2.442525570960967E-6   
  11595.50048828125    2.668145197143274E-6   
  11605.50048828125    2.3717729347610525E-6  
  11615.50048828125    2.3725922606032105E-6  
  11625.50048828125    2.293757515650354E-6   
  11635.50048828125    2.554730596994535E-6   
  11645.50048828125    2.470128753167E-6      
  11655.50048828125    2.4982745877083352E-6  
  11665.50048828125    2.7019257464542506E-6  
  11675.50048828125    2.3991256854375403E-6  
  11685.50048828125    2.426828082203548E-6   
  11695.50048828125    2.1068128324936125E-6  
  11705.50048828125    2.6847478065541263E-6  
  11715.50048828125    1.8973721537893688E-6  
  11725.50048828125    3.0517982399414778E-6  
  11735.50048828125    3.135494462104397E-6   
  11745.50048828125    2.142721714647772E-6   
  11755.50048828125    2.3320132023243485E-6  
  11765.50048828125    2.531938478237674E-6   
  11775.50048828125    2.5452076559705356E-6  
  11785.50048828125    2.1698998354858184E-6  
  11795.50048828125    2.3768076557346518E-6  
  11805.50048828125    2.1083243765476717E-6  
  11815.50048828125    2.1195292741063305E-6  
  11825.50048828125    2.3937966915277937E-6  
  11835.50048828125    2.6051200873046498E-6  
  11845.50048828125    2.022513166998115E-6   
  11855.50048828125    2.244376423635663E-6   
  11865.500488281252   2.182753447734754E-6   
  11875.50048828125    2.462019223983856E-6   
  11885.500488281252   2.630528816725721E-6   
  11895.50048828125    2.3500893925759775E-6  
  11905.500488281252   2.7588322590457033E-6  
  11915.50048828125    2.3654804373399424E-6  
  11925.500488281252   2.9546017286257655E-6  
  11935.50048828125    2.1832497453568034E-6  
  11945.500488281252   2.110837571388478E-6   
  11955.50048828125    2.521864695442705E-6   
  11965.500488281252   2.10353262177288E-6    
  11975.50048828125    2.623046079698856E-6   
  11985.500488281252   2.0466752890009176E-6  
  11995.50048828125    2.5499291940212526E-6  
  12005.500488281252   2.29497104945636E-6    
  12015.50048828125    2.4251800287204935E-6  
  12025.500488281252   2.5504385635541632E-6  
  12035.50048828125    2.3404918943712E-6     
  12045.500488281252   2.1755402141881245E-6  
  12055.50048828125    1.9605665721486973E-6  
  12065.500488281252   2.0392856819014897E-6  
  12075.50048828125    2.654527160831008E-6   
  12085.500488281248   2.106785126600606E-6   
  12095.50048828125    2.5362696240287556E-6  
  12105.500488281248   2.223393667162122E-6   
  12115.50048828125    2.4775906664194554E-6  
  12125.500488281248   2.2394506467655228E-6  
  12135.50048828125    2.504724330579007E-6   
  12145.500488281248   2.1500189596871627E-6  
  12155.50048828125    2.1949996752333673E-6  
  12165.500488281248   2.834468114374629E-6   
  12175.50048828125    2.18462950061091E-6    
  12185.500488281248   1.9930332081830815E-6  
  12195.50048828125    2.2158488665820286E-6  
  12205.500488281248   3.156784773486802E-6   
  12215.50048828125    2.3651559738317737E-6  
  12225.500488281248   2.574971502279878E-6   
  12235.50048828125    2.4639949983598957E-6  
  12245.500488281248   2.2459626020373256E-6  
  12255.50048828125    2.291229869992195E-6   
  12265.500488281248   2.2466831507824883E-6  
  12275.50048828125    2.174671955019687E-6   
  12285.500488281248   2.410894817276363E-6   
  12295.50048828125    2.182477839518909E-6   
  12305.50048828125    2.6266689970800267E-6  
  12315.50048828125    1.7795470672132228E-6  
  12325.50048828125    2.613143034215968E-6   
  12335.50048828125    2.0839008243434444E-6  
  12345.50048828125    2.584883197966424E-6   
  12355.50048828125    2.5703507014664324E-6  
  12365.50048828125    2.2124268778570743E-6  
  12375.50048828125    1.9029109123833093E-6  
  12385.50048828125    2.1185009829919184E-6  
  12395.50048828125    2.885948129909978E-6   
  12405.50048828125    2.7967407739906917E-6  
  12415.50048828125    2.867256461145781E-6   
  12425.50048828125    3.0958317641145715E-6  
  12435.50048828125    2.0101893466406173E-6  
  12445.50048828125    2.4431772735501866E-6  
  12455.50048828125    3.003258100353117E-6   
  12465.50048828125    2.480146409194504E-6   
  12475.50048828125    2.049378931390433E-6   
  12485.50048828125    3.124544593147973E-6   
  12495.50048828125    2.7791764191283692E-6  
  12505.50048828125    2.896919717991408E-6   
  12515.50048828125    2.2951963270559783E-6  
  12525.50048828125    2.6999300378996843E-6  
  12535.50048828125    1.917613109791052E-6   
  12545.50048828125    2.247425239446423E-6   
  12555.50048828125    2.3775131988532416E-6  
  12565.50048828125    2.4050696653452265E-6  
  12575.50048828125    2.8153810845370915E-6  
  12585.50048828125    2.496851095006612E-6   
  12595.50048828125    2.3248908955076536E-6  
  12605.50048828125    2.530413190957359E-6   
  12615.50048828125    2.8167265747049988E-6  
  12625.50048828125    2.4548457012781778E-6  
  12635.50048828125    2.0705570405367272E-6  
  12645.50048828125    1.7652901396381307E-6  
  12655.50048828125    2.9839225221959637E-6  
  12665.50048828125    2.7886550103367046E-6  
  12675.50048828125    2.6615672052720585E-6  
  12685.50048828125    2.2379582087941315E-6  
  12695.50048828125    2.6499054229307056E-6  
  12705.50048828125    2.4676912695259555E-6  
  12715.50048828125    2.934947740738901E-6   
  12725.50048828125    2.864969405103042E-6   
  12735.50048828125    2.3463848998786184E-6  
  12745.50048828125    2.5223520655986654E-6  
  12755.50048828125    2.653023520764471E-6   
  12765.50048828125    2.3785332536691785E-6  
  12775.50048828125    2.923566763587503E-6   
  12785.50048828125    2.603728466178176E-6   
  12795.50048828125    2.576552550275125E-6   
  12805.50048828125    3.113203962634379E-6   
  12815.50048828125    3.5418616400833473E-6  
  12825.50048828125    2.6408990248610554E-6  
  12835.50048828125    2.544921667876436E-6   
  12845.50048828125    2.7376494551397327E-6  
  12855.50048828125    3.3123497525876296E-6  
  12865.50048828125    2.820314809198194E-6   
  12875.50048828125    3.00035759375448E-6    
  12885.50048828125    3.4508904557074725E-6  
  12895.50048828125    3.612748248863775E-6   
  12905.50048828125    3.383532629700293E-6   
  12915.50048828125    3.433019535071389E-6   
  12925.50048828125    3.248738062539493E-6   
  12935.50048828125    3.2728828691082636E-6  
  12945.50048828125    2.7833704169960385E-6  
  12955.50048828125    3.187813460669437E-6   
  12965.50048828125    3.596728495281571E-6   
  12975.50048828125    3.3137908376235023E-6  
  12985.50048828125    3.21274858066272E-6    
  12995.50048828125    3.997876483820646E-6   
  13005.50048828125    3.894232686257457E-6   
  13015.50048828125    3.1584310315478056E-6  
  13025.50048828125    3.5860695864331573E-6  
  13035.50048828125    3.518249907058445E-6   
  13045.50048828125    3.459485058343245E-6   
  13055.50048828125    3.24366087088866E-6    
  13065.50048828125    3.164509426576921E-6   
  13075.50048828125    3.583591433420378E-6   
  13085.50048828125    3.7616081078295498E-6  
  13095.50048828125    3.35679406187945E-6    
  13105.50048828125    3.4149683812480306E-6  
  13115.500488281252   3.210324045590572E-6   
  13125.50048828125    3.4893436171451987E-6  
  13135.500488281252   3.320015259619828E-6   
  13145.50048828125    3.6322963500599628E-6  
  13155.500488281252   2.967010823773326E-6   
  13165.50048828125    3.204556889376968E-6   
  13175.500488281252   3.3523754532598224E-6  
  13185.50048828125    3.3367179681645553E-6  
  13195.500488281252   3.6116099048219097E-6  
  13205.50048828125    3.6912267281330577E-6  
  13215.500488281252   3.631565008188799E-6   
  13225.50048828125    3.732520478015397E-6   
  13235.500488281252   2.7778330449097984E-6  
  13245.50048828125    3.275398546758299E-6   
  13255.500488281252   3.829055062216517E-6   
  13265.50048828125    3.1854130131737126E-6  
  13275.500488281252   3.1963756033689084E-6  
  13285.50048828125    3.0994910210181478E-6  
  13295.500488281252   3.665493523195952E-6   
  13305.50048828125    2.906459947730019E-6   
  13315.500488281252   3.0243063234739257E-6  
  13325.50048828125    2.868241080025525E-6   
  13335.500488281248   3.759421550106534E-6   
  13345.50048828125    3.3498661678589876E-6  
  13355.500488281248   2.9142265234122765E-6  
  13365.50048828125    3.3217120614704717E-6  
  13375.500488281248   3.7430271618189074E-6  
  13385.50048828125    3.7790164614980457E-6  
  13395.500488281248   3.589697314660821E-6   
  13405.50048828125    2.9398142077271864E-6  
  13415.500488281248   3.3943476571678225E-6  
  13425.50048828125    3.2153426326980924E-6  
  13435.500488281248   3.6618912315624812E-6  
  13445.50048828125    3.759658498819403E-6   
  13455.500488281248   2.757209682126532E-6   
  13465.50048828125    3.651533362778019E-6   
  13475.500488281248   3.7392432420581425E-6  
  13485.50048828125    3.2406391587509005E-6  
  13495.500488281248   2.8989976552944174E-6  
  13505.50048828125    3.824984476582719E-6   
  13515.500488281248   3.5993982204126513E-6  
  13525.50048828125    3.709261486130353E-6   
  13535.500488281248   4.0818934494172985E-6  
  13545.50048828125    2.512171844334787E-6   
  13555.50048828125    3.865482822284741E-6   
  13565.50048828125    3.5323856824324893E-6  
  13575.50048828125    4.039539666288306E-6   
  13585.50048828125    3.431730654390934E-6   
  13595.50048828125    3.5484333807921987E-6  
  13605.50048828125    2.799708618762165E-6   
  13615.50048828125    3.661167183450352E-6   
  13625.50048828125    3.657513149338403E-6   
  13635.50048828125    3.1616823797724084E-6  
  13645.50048828125    3.878256218635458E-6   
  13655.50048828125    2.9683984523910532E-6  
  13665.50048828125    3.6077764859942445E-6  
  13675.50048828125    3.4538018596094435E-6  
  13685.50048828125    3.333124103919023E-6   
  13695.50048828125    3.3181781584087015E-6  
  13705.50048828125    3.6966977263121445E-6  
  13715.50048828125    3.3306702730881585E-6  
  13725.50048828125    3.4074882933571296E-6  
  13735.50048828125    3.499070937699606E-6   
  13745.50048828125    3.105587124486801E-6   
  13755.50048828125    3.7452910573155736E-6  
  13765.50048828125    4.008596634351004E-6   
  13775.50048828125    4.153929389972952E-6   
  13785.50048828125    3.645135499196467E-6   
  13795.50048828125    3.2587864413304926E-6  
  13805.50048828125    3.7385294153693965E-6  
  13815.50048828125    4.1448717911428925E-6  
  13825.50048828125    3.401506482466052E-6   
  13835.50048828125    3.8038522378095115E-6  
  13845.50048828125    3.935346958144288E-6   
  13855.50048828125    3.262560262501035E-6   
  13865.50048828125    4.093266926583322E-6   
  13875.50048828125    3.6462849740125124E-6  
  13885.50048828125    2.9193752417755517E-6  
  13895.50048828125    3.71282197169737E-6    
  13905.50048828125    3.6772319617468767E-6  
  13915.50048828125    3.7441374598309926E-6  
  13925.50048828125    3.7477408056096425E-6  
  13935.50048828125    3.869935456403785E-6   
  13945.50048828125    3.80895482426901E-6    
  13955.50048828125    4.132233122406252E-6   
  13965.50048828125    3.6960443934237217E-6  
  13975.50048828125    3.406687598190475E-6   
  13985.50048828125    4.01661027698419E-6    
  13995.50048828125    3.8867231050081805E-6  
  14005.50048828125    3.8431716532648285E-6  
  14015.50048828125    3.913603224574627E-6   
  14025.50048828125    3.1784417426450147E-6  
  14035.50048828125    3.0128935064227956E-6  
  14045.50048828125    3.096387937276287E-6   
  14055.50048828125    3.6849404171443213E-6  
  14065.50048828125    4.382486609908224E-6   
  14075.50048828125    3.043508947428053E-6   
  14085.50048828125    3.2591804639869687E-6  
  14095.50048828125    3.2550910944724217E-6  
  14105.50048828125    3.3537760596223817E-6  
  14115.50048828125    4.133165792681767E-6   
  14125.50048828125    2.5375183618717687E-6  
  14135.50048828125    3.5479316051288724E-6  
  14145.50048828125    4.177064413075311E-6   
  14155.50048828125    3.879239808482177E-6   
  14165.50048828125    3.0475481719065188E-6  
  14175.50048828125    3.669773896261589E-6   
  14185.50048828125    3.680246887661252E-6   
  14195.50048828125    3.925505086259221E-6   
  14205.50048828125    3.4117415762913615E-6  
  14215.50048828125    3.088073252835541E-6   
  14225.50048828125    3.832622367654643E-6   
  14235.50048828125    3.643506095954024E-6   
  14245.50048828125    4.138273532504529E-6   
  14255.50048828125    2.756337148315788E-6   
  14265.50048828125    4.3654844007455145E-6  
  14275.50048828125    3.010021436566986E-6   
  14285.50048828125    3.7569164026660216E-6  
  14295.50048828125    3.5762375526274397E-6  
  14305.50048828125    3.806078801105046E-6   
  14315.50048828125    3.1357988073047194E-6  
  14325.50048828125    3.7640198650443683E-6  
  14335.50048828125    3.563261510393479E-6   
  14345.50048828125    2.828374989938035E-6   
  14355.50048828125    4.224752417208838E-6   
  14365.500488281252   3.2678679061620217E-6  
  14375.50048828125    3.92512964531706E-6    
  14385.500488281252   2.8173646419699652E-6  
  14395.50048828125    3.503267354558746E-6   
  14405.500488281252   3.5516584453314217E-6  
  14415.50048828125    4.167914171771949E-6   
  14425.500488281252   3.25241349731262E-6    
  14435.50048828125    3.47264041790991E-6    
  14445.500488281252   4.0055530454855685E-6  
  14455.50048828125    2.798152873270703E-6   
  14465.500488281252   4.055862085094032E-6   
  14475.50048828125    3.2893808953384977E-6  
  14485.500488281252   3.6196492297154474E-6  
  14495.50048828125    3.170291518461173E-6   
  14505.500488281252   2.7153891219266372E-6  
  14515.50048828125    3.579141061916038E-6   
  14525.500488281252   3.6750846513968774E-6  
  14535.50048828125    3.8143766860644234E-6  
  14545.500488281252   2.9160818455136522E-6  
  14555.50048828125    4.01978412810183E-6    
  14565.500488281252   4.3438216068855785E-6  
  14575.50048828125    3.6541983628183777E-6  
  14585.500488281248   3.6003826531754023E-6  
  14595.50048828125    3.731622438551714E-6   
  14605.500488281248   3.791796192546352E-6   
  14615.50048828125    4.1228636627637E-6     
  14625.500488281248   3.560236121277986E-6   
  14635.50048828125    3.2808530953901053E-6  
  14645.500488281248   4.788303466237256E-6   
  14655.50048828125    3.828380610540833E-6   
  14665.500488281248   3.258828732846832E-6   
  14675.50048828125    4.264639108138949E-6   
  14685.500488281248   3.98114987203798E-6    
  14695.50048828125    3.4782739778975637E-6  
  14705.500488281248   3.665594191068609E-6   
  14715.50048828125    4.180314551075153E-6   
  14725.500488281248   4.195076029158218E-6   
  14735.50048828125    3.8077970483858926E-6  
  14745.500488281248   4.039006198757428E-6   
  14755.50048828125    4.375908945327364E-6   
  14765.500488281248   3.4280372228778672E-6  
  14775.50048828125    4.283634136810391E-6   
  14785.500488281248   4.596318237958398E-6   
  14795.50048828125    3.5342239615598498E-6  
  14805.50048828125    5.192939477951037E-6   
  14815.50048828125    4.7268784713066005E-6  
  14825.50048828125    3.966204385379183E-6   
  14835.50048828125    4.731765641929302E-6   
  14845.50048828125    4.846031853781998E-6   
  14855.50048828125    3.477096748882177E-6   
  14865.50048828125    4.416449093042254E-6   
  14875.50048828125    5.436986844797855E-6   
  14885.50048828125    4.752946106442371E-6   
  14895.50048828125    5.400457413695859E-6   
  14905.50048828125    5.170256648961164E-6   
  14915.50048828125    4.940555194591111E-6   
  14925.50048828125    5.022793866753837E-6   
  14935.50048828125    4.346695779664196E-6   
  14945.50048828125    5.7381268562690255E-6  
  14955.50048828125    4.2728327133071845E-6  
  14965.50048828125    4.952460753182255E-6   
  14975.50048828125    3.799939134357013E-6   
  14985.50048828125    4.506378155132417E-6   
  14995.50048828125    4.063737841869187E-6   
  15005.50048828125    4.601388388918111E-6   
  15015.50048828125    3.8365495075351145E-6  
  15025.50048828125    4.32601046033522E-6    
  15035.50048828125    4.484056261483883E-6   
  15045.50048828125    4.436521626780756E-6   
  15055.50048828125    4.247190676711744E-6   
  15065.50048828125    3.92614123708522E-6    
  15075.50048828125    4.5671150336714935E-6  
  15085.50048828125    4.791156565341268E-6   
  15095.50048828125    4.70640962888471E-6    
  15105.50048828125    3.791180543318999E-6   
  15115.50048828125    4.535487706964028E-6   
  15125.50048828125    3.885487552070274E-6   
  15135.50048828125    4.265485001818008E-6   
  15145.50048828125    3.9355819073849915E-6  
  15155.50048828125    4.833826147713437E-6   
  15165.50048828125    4.288983966401844E-6   
  15175.50048828125    4.29062367434158E-6    
  15185.50048828125    4.523535675600005E-6   
  15195.50048828125    4.469117925453149E-6   
  15205.50048828125    3.952624608668585E-6   
  15215.50048828125    4.322410991596812E-6   
  15225.50048828125    4.785607725075673E-6   
  15235.50048828125    4.085064231162867E-6   
  15245.50048828125    4.1100084353866585E-6  
  15255.50048828125    4.57041919816627E-6    
  15265.50048828125    4.404662556393386E-6   
  15275.50048828125    3.928342283576075E-6   
  15285.50048828125    5.482159774909897E-6   
  15295.50048828125    4.425974162811973E-6   
  15305.50048828125    4.457105957485595E-6   
  15315.50048828125    4.049006658184045E-6   
  15325.50048828125    4.939974754773208E-6   
  15335.50048828125    4.405004406007613E-6   
  15345.50048828125    4.181391951154507E-6   
  15355.50048828125    4.191978048138288E-6   
  15365.50048828125    4.990621323928659E-6   
  15375.50048828125    4.864529281964827E-6   
  15385.50048828125    4.181337867362888E-6   
  15395.50048828125    4.2670513765747966E-6  
  15405.50048828125    4.241279544390288E-6   
  15415.50048828125    5.37839292969888E-6    
  15425.50048828125    3.7506226116925508E-6  
  15435.50048828125    4.379438910022022E-6   
  15445.50048828125    4.676476308536741E-6   
  15455.50048828125    4.1976879602088055E-6  
  15465.50048828125    4.972166338792803E-6   
  15475.50048828125    4.75181216143986E-6    
  15485.50048828125    5.90967222239233E-6    
  15495.50048828125    4.249496519133742E-6   
  15505.50048828125    3.4730434527692496E-6  
  15515.50048828125    4.972474913872509E-6   
  15525.50048828125    4.0799720932979E-6     
  15535.50048828125    4.0163580994249665E-6  
  15545.50048828125    4.129973257715103E-6   
  15555.50048828125    4.861091654840967E-6   
  15565.50048828125    4.264777015190004E-6   
  15575.50048828125    5.690918425130252E-6   
  15585.50048828125    4.8432149785513765E-6  
  15595.50048828125    4.417541608611933E-6   
  15605.50048828125    5.417195029597914E-6   
  15615.500488281252   4.84884843969303E-6    
  15625.50048828125    5.4472359337597665E-6  
  15635.500488281252   5.482242998481005E-6   
  15645.50048828125    5.2042353495332075E-6  
  15655.500488281252   5.478355928975706E-6   
  15665.50048828125    4.495775263286053E-6   
  15675.500488281252   5.1110625535785405E-6  
  15685.50048828125    4.654028156305478E-6   
  15695.500488281252   4.792238235047193E-6   
  15705.50048828125    4.891048403696617E-6   
  15715.500488281252   4.120891265390162E-6   
  15725.50048828125    5.936401149984914E-6   
  15735.500488281252   4.4881975982171424E-6  
  15745.50048828125    5.286544287987478E-6   
  15755.500488281252   4.848956167734327E-6   
  15765.50048828125    6.080879526247576E-6   
  15775.500488281252   4.5816721895965944E-6  
  15785.50048828125    5.3447368912018225E-6  
  15795.500488281252   6.057444829967662E-6   
  15805.50048828125    5.1188730835975336E-6  
  15815.500488281252   4.893101270350841E-6   
  15825.50048828125    5.798263206641586E-6   
  15835.500488281248   5.407063887162321E-6   
  15845.50048828125    5.144862505452639E-6   
  15855.500488281248   5.915658694188454E-6   
  15865.50048828125    5.478374562316651E-6   
  15875.500488281248   5.551113188270214E-6   
  15885.50048828125    4.444689059032474E-6   
  15895.500488281248   5.821025511476598E-6   
  15905.50048828125    5.968320356234337E-6   
  15915.500488281248   4.396214830740582E-6   
  15925.50048828125    4.87109242491908E-6    
  15935.500488281248   3.814854628982025E-6   
  15945.50048828125    4.84790653904443E-6    
  15955.500488281248   5.262016948493359E-6   
  15965.50048828125    5.174693171774358E-6   
  15975.500488281248   5.251007344780721E-6   
  15985.50048828125    5.496791534585114E-6   
  15995.500488281248   5.481813401797996E-6   
  16005.50048828125    5.495123144650063E-6   
  16015.500488281248   4.358162759159586E-6   
  16025.50048828125    5.509311809105675E-6   
  16035.500488281248   4.02338896533975E-6    
  16045.50048828125    6.026100027187911E-6   
  16055.50048828125    4.4346732269807245E-6  
  16065.50048828125    6.083022109574045E-6   
  16075.50048828125    4.917757350972282E-6   
  16085.50048828125    5.0794696593298376E-6  
  16095.50048828125    4.3811614792227055E-6  
  16105.50048828125    6.439577792718451E-6   
  16115.50048828125    6.897893475469969E-6   
  16125.50048828125    4.6466252991446445E-6  
  16135.50048828125    4.628684440157531E-6   
  16145.50048828125    6.005593819538125E-6   
  16155.50048828125    6.446215375071265E-6   
  16165.50048828125    4.911349355405265E-6   
  16175.50048828125    4.3558608337551085E-6  
  16185.50048828125    5.950714516060622E-6   
  16195.50048828125    6.530858582784664E-6   
  16205.50048828125    5.2023329233396046E-6  
  16215.50048828125    4.932156695517004E-6   
  16225.50048828125    5.657492377231132E-6   
  16235.50048828125    5.211284248596491E-6   
  16245.50048828125    5.355892732865598E-6   
  16255.50048828125    5.7654856684042255E-6  
  16265.50048828125    5.748608088470875E-6   
  16275.50048828125    5.9338514616044555E-6  
  16285.50048828125    4.677659560502469E-6   
  16295.50048828125    5.561408344406753E-6   
  16305.50048828125    5.416782128757649E-6   
  16315.50048828125    5.783841307595288E-6   
  16325.50048828125    6.075722199377411E-6   
  16335.50048828125    5.260751790827922E-6   
  16345.50048828125    6.3983048553578525E-6  
  16355.50048828125    5.338560273651907E-6   
  16365.50048828125    6.751719709348686E-6   
  16375.50048828125    5.544263151767817E-6   
  16385.50048828125    5.327994611405726E-6   
  16395.50048828125    4.588088617702497E-6   
  16405.50048828125    5.470078971622713E-6   
  16415.50048828125    5.453416344357411E-6   
  16425.50048828125    5.4254361317355165E-6  
  16435.50048828125    6.908059428777083E-6   
  16445.50048828125    5.270779210407306E-6   
  16455.50048828125    6.480438371298375E-6   
  16465.50048828125    6.465935566159992E-6   
  16475.50048828125    6.16741433339343E-6    
  16485.50048828125    6.461532260705989E-6   
  16495.50048828125    5.643153732124584E-6   
  16505.50048828125    7.365293855813781E-6   
  16515.50048828125    6.7411502445035385E-6  
  16525.50048828125    6.810276963415053E-6   
  16535.50048828125    5.464298066289626E-6   
  16545.50048828125    8.17589333426942E-6    
  16555.50048828125    6.695118157727872E-6   
  16565.50048828125    5.169134988421519E-6   
  16575.50048828125    5.368638627752396E-6   
  16585.50048828125    5.888483519566821E-6   
  16595.50048828125    5.9686507990804225E-6  
  16605.50048828125    6.710106454163907E-6   
  16615.50048828125    5.944198741692813E-6   
  16625.50048828125    5.715147317255012E-6   
  16635.50048828125    5.180983566064968E-6   
  16645.50048828125    7.048145819535282E-6   
  16655.50048828125    4.8537687875800155E-6  
  16665.50048828125    5.5956849891691645E-6  
  16675.50048828125    5.254260000439612E-6   
  16685.50048828125    5.348698021916796E-6   
  16695.50048828125    4.726885368026512E-6   
  16705.50048828125    5.098684062213938E-6   
  16715.50048828125    6.023451964809784E-6   
  16725.50048828125    7.204339947370464E-6   
  16735.50048828125    5.533379025673448E-6   
  16745.50048828125    5.751029280027685E-6   
  16755.50048828125    4.936315553286968E-6   
  16765.50048828125    6.6711977025201495E-6  
  16775.50048828125    6.21374996105285E-6    
  16785.50048828125    6.73714973791585E-6    
  16795.50048828125    7.747494415149665E-6   
  16805.50048828125    4.142105225833793E-6   
  16815.50048828125    5.543439061987206E-6   
  16825.50048828125    6.547300306962488E-6   
  16835.50048828125    6.36521911143251E-6    
  16845.50048828125    6.417005402989274E-6   
  16855.50048828125    5.0917523345602956E-6  
  16865.50048828125    6.817541513375667E-6   
  16875.50048828125    5.07839693154501E-6    
  16885.50048828125    4.967852464116505E-6   
  16895.50048828125    7.1580022146251235E-6  
  16905.50048828125    6.5273878581462286E-6  
  16915.50048828125    4.606080942930331E-6   
  16925.50048828125    7.0674867247603055E-6  
  16935.50048828125    4.915527338486444E-6   
  16945.50048828125    7.074030775672786E-6   
  16955.50048828125    6.4155330331913605E-6  
  16965.50048828125    6.9833848413165314E-6  
  16975.50048828125    5.900701634543111E-6   
  16985.50048828125    4.930555314901869E-6   
  16995.50048828125    7.160746228191523E-6   
  17005.50048828125    5.781989763395835E-6   
  17015.50048828125    5.83221893436816E-6    
  17025.50048828125    5.34216268059372E-6    
  17035.50048828125    6.284785440190091E-6   
  17045.50048828125    5.277894234494699E-6   
  17055.50048828125    6.371590266341434E-6   
  17065.50048828125    6.3494190176061465E-6  
  17075.50048828125    5.9150633527985974E-6  
  17085.50048828125    5.1293438991880865E-6  
  17095.50048828125    7.711880522938682E-6   
  17105.50048828125    6.342107916960153E-6   
  17115.50048828125    5.289190810083678E-6   
  17125.50048828125    6.34444044738244E-6    
  17135.50048828125    5.920651452951794E-6   
  17145.50048828125    6.602599883668649E-6   
  17155.50048828125    6.9604479359521915E-6  
  17165.50048828125    4.899150696681721E-6   
  17175.50048828125    5.956489966998577E-6   
  17185.50048828125    4.668720153957728E-6   
  17195.50048828125    5.38755580574718E-6    
  17205.50048828125    6.911046405263958E-6   
  17215.50048828125    6.37618461807253E-6    
  17225.50048828125    6.497223096863836E-6   
  17235.50048828125    6.865634945864349E-6   
  17245.50048828125    5.9454835710404E-6     
  17255.50048828125    7.180219351052873E-6   
  17265.50048828125    7.4314787645254674E-6  
  17275.50048828125    5.754371761516189E-6   
  17285.50048828125    8.730877252900689E-6   
  17295.50048828125    7.632905836316157E-6   
  17305.50048828125    6.126893946941772E-6   
  17315.50048828125    6.992328977592558E-6   
  17325.50048828125    7.420943503731213E-6   
  17335.50048828125    6.418450482872389E-6   
  17345.50048828125    7.663460068106263E-6   
  17355.50048828125    8.158127477502845E-6   
  17365.50048828125    7.4625439636372776E-6  
  17375.50048828125    8.51474081188713E-6    
  17385.50048828125    8.139702013250985E-6   
  17395.50048828125    6.817340101942671E-6   
  17405.50048828125    9.57782573873081E-6    
  17415.50048828125    7.604677662914021E-6   
  17425.50048828125    7.695671544368113E-6   
  17435.50048828125    6.627870555192521E-6   
  17445.50048828125    7.77268423962113E-6    
  17455.50048828125    8.083442335203881E-6   
  17465.50048828125    7.561649499664989E-6   
  17475.50048828125    7.826307654411332E-6   
  17485.50048828125    9.688141349527563E-6   
  17495.50048828125    7.735647127830602E-6   
  17505.50048828125    7.233925447763836E-6   
  17515.50048828125    6.997891965625747E-6   
  17525.50048828125    6.443066038092419E-6   
  17535.50048828125    8.725208469538927E-6   
  17545.50048828125    6.693783042786794E-6   
  17555.50048828125    9.050446846241107E-6   
  17565.50048828125    6.663300915193679E-6   
  17575.50048828125    8.825061509240986E-6   
  17585.50048828125    6.991626256014347E-6   
  17595.50048828125    9.175087739188935E-6   
  17605.50048828125    6.410119357087735E-6   
  17615.50048828125    6.787246651850785E-6   
  17625.50048828125    6.008652059385262E-6   
  17635.50048828125    7.968049297154225E-6   
  17645.50048828125    7.1490523960038095E-6  
  17655.50048828125    7.648385530659892E-6   
  17665.50048828125    7.79591886226278E-6    
  17675.50048828125    7.5344445771735855E-6  
  17685.50048828125    6.820607114165643E-6   
  17695.50048828125    6.357250345676912E-6   
  17705.50048828125    8.568871776558006E-6   
  17715.50048828125    7.077821724554952E-6   
  17725.50048828125    7.705473402300638E-6   
  17735.50048828125    7.759768129138395E-6   
  17745.50048828125    6.4873966556848915E-6  
  17755.50048828125    8.948789508054793E-6   
  17765.50048828125    7.69965430088766E-6    
  17775.50048828125    7.827972052859705E-6   
  17785.50048828125    9.56425127845522E-6    
  17795.50048828125    8.031659482909048E-6   
  17805.50048828125    7.861213852495646E-6   
  17815.50048828125    7.369152170953683E-6   
  17825.50048828125    9.332679774156288E-6   
  17835.50048828125    8.335325994437063E-6   
  17845.50048828125    7.112933636637702E-6   
  17855.50048828125    8.39408467193836E-6    
  17865.50048828125    8.786371689346948E-6   
  17875.50048828125    8.2857708860073E-6     
  17885.50048828125    7.142441513557468E-6   
  17895.50048828125    6.849982145514442E-6   
  17905.50048828125    7.2201658215361315E-6  
  17915.50048828125    8.722020702248105E-6   
  17925.50048828125    7.0824534058710665E-6  
  17935.50048828125    8.152499522883865E-6   
  17945.50048828125    6.573985209394199E-6   
  17955.50048828125    8.045933362858566E-6   
  17965.50048828125    8.736107767862973E-6   
  17975.50048828125    7.135287764328312E-6   
  17985.50048828125    8.587061211995719E-6   
  17995.50048828125    9.69895063139075E-6    
  18005.50048828125    6.462281069376855E-6   
  18015.50048828125    8.238146379319952E-6   
  18025.50048828125    8.172042000081182E-6   
  18035.50048828125    9.166068270327088E-6   
  18045.50048828125    7.429193363413818E-6   
  18055.50048828125    8.970002548654788E-6   
  18065.50048828125    8.197714959823573E-6   
  18075.50048828125    9.088333826602786E-6   
  18085.50048828125    9.435937134642489E-6   
  18095.50048828125    9.007262753836023E-6   
  18105.50048828125    1.1051620966769153E-5  
  18115.50048828125    8.779883098971621E-6   
  18125.50048828125    1.0167383456897107E-5  
  18135.50048828125    9.351443747986689E-6   
  18145.50048828125    1.1173061455864111E-5  
  18155.50048828125    1.0944787915803828E-5  
  18165.50048828125    8.918408626182452E-6   
  18175.50048828125    9.138676417164413E-6   
  18185.50048828125    9.834141121639108E-6   
  18195.50048828125    1.1176865186374977E-5  
  18205.50048828125    8.44591309022598E-6    
  18215.50048828125    9.607694196675673E-6   
  18225.50048828125    9.711178416831531E-6   
  18235.50048828125    1.3362837193717104E-5  
  18245.50048828125    8.585317920823658E-6   
  18255.50048828125    1.0913208219774048E-5  
  18265.50048828125    7.946342086222713E-6   
  18275.50048828125    1.0994792664099807E-5  
  18285.50048828125    1.0722628877204921E-5  
  18295.50048828125    8.640821211226232E-6   
  18305.50048828125    1.181583768984925E-5   
  18315.50048828125    1.1726230582202252E-5  
  18325.50048828125    1.3725511877427977E-5  
  18335.50048828125    9.916393891765209E-6   
  18345.50048828125    9.349963753966048E-6   
  18355.50048828125    1.2913946896493957E-5  
  18365.50048828125    1.1588065516383864E-5  
  18375.50048828125    1.0482108527089414E-5  
  18385.50048828125    9.771444020765072E-6   
  18395.50048828125    1.2419203303172082E-5  
  18405.50048828125    1.3020385844898442E-5  
  18415.50048828125    8.986739632558547E-6   
  18425.50048828125    9.244552488220233E-6   
  18435.50048828125    1.152305964598104E-5   
  18445.50048828125    1.1753701163213286E-5  
  18455.50048828125    1.2695592939424219E-5  
  18465.50048828125    1.323732313597453E-5   
  18475.50048828125    1.223899292329213E-5   
  18485.50048828125    1.0072336397564033E-5  
  18495.50048828125    1.4254389299389364E-5  
  18505.50048828125    8.96042811552286E-6    
  18515.50048828125    1.2114229437391567E-5  
  18525.50048828125    1.2303210864882498E-5  
  18535.50048828125    1.2257614279309566E-5  
  18545.50048828125    1.0537490922161808E-5  
  18555.50048828125    1.0783420801146542E-5  
  18565.50048828125    1.297503854051416E-5   
  18575.50048828125    1.018668442118252E-5   
  18585.50048828125    1.1607079709045842E-5  
  18595.50048828125    1.3214456677301326E-5  
  18605.50048828125    1.1043324690629522E-5  
  18615.50048828125    9.139288508576696E-6   
  18625.50048828125    1.3651795373798641E-5  
  18635.50048828125    1.2928063662122954E-5  
  18645.50048828125    1.0867395940970937E-5  
  18655.50048828125    9.417329105306265E-6   
  18665.50048828125    1.1672669903034403E-5  
  18675.50048828125    1.1805986095207727E-5  
  18685.50048828125    1.1782009058374595E-5  
  18695.50048828125    1.1278095277346864E-5  
  18705.50048828125    1.0063195185288798E-5  
  18715.50048828125    1.2284393744944462E-5  
  18725.50048828125    1.2755494650940873E-5  
  18735.50048828125    1.0822151729730048E-5  
  18745.50048828125    1.197679445443792E-5   
  18755.50048828125    1.4184718573101463E-5  
  18765.50048828125    1.4227417484499297E-5  
  18775.50048828125    1.036943976341502E-5   
  18785.50048828125    1.3813452904983241E-5  
  18795.50048828125    1.1627621267578158E-5  
  18805.50048828125    1.1409410045386125E-5  
  18815.50048828125    1.0418097006583817E-5  
  18825.50048828125    1.0371598247000491E-5  
  18835.50048828125    1.0558020325118177E-5  
  18845.50048828125    1.116833207491545E-5   
  18855.50048828125    1.2212726383000379E-5  
  18865.50048828125    1.1880936341186376E-5  
  18875.50048828125    1.1724581480056217E-5  
  18885.50048828125    1.1500708616614368E-5  
  18895.50048828125    1.2220478119934782E-5  
  18905.50048828125    1.36258346221857E-5    
  18915.50048828125    1.1774060506857274E-5  
  18925.50048828125    1.1973916873873564E-5  
  18935.50048828125    1.2873173095792715E-5  
  18945.50048828125    1.1627960870553373E-5  
  18955.50048828125    1.1820310582158248E-5  
  18965.50048828125    1.1206629557532805E-5  
  18975.50048828125    1.1287850142632455E-5  
  18985.50048828125    1.2526844992735368E-5  
  18995.50048828125    1.4352206670875774E-5  
  19005.50048828125    1.1473636482399148E-5  
  19015.50048828125    1.0047347516716857E-5  
  19025.50048828125    1.1301121005875573E-5  
  19035.50048828125    1.194653924358185E-5   
  19045.50048828125    1.161767302137249E-5   
  19055.50048828125    1.1155956508849994E-5  
  19065.50048828125    1.3054390178784726E-5  
  19075.50048828125    1.2010757626533098E-5  
  19085.50048828125    1.2261798334937276E-5  
  19095.50048828125    1.2792002949597869E-5  
  19105.50048828125    1.5125774537044024E-5  
  19115.50048828125    1.1937288612480848E-5  
  19125.50048828125    1.4193771026870262E-5  
  19135.50048828125    1.292936548237269E-5   
  19145.50048828125    1.3655835972285977E-5  
  19155.50048828125    1.359436763218745E-5   
  19165.50048828125    1.2136789424569866E-5  
  19175.50048828125    1.3806430363964695E-5  
  19185.50048828125    1.2365624519648855E-5  
  19195.50048828125    1.1999744441621678E-5  
  19205.50048828125    1.6274573304933834E-5  
  19215.50048828125    1.2764307944254759E-5  
  19225.50048828125    1.4870608314652257E-5  
  19235.50048828125    1.2475260727228446E-5  
  19245.50048828125    1.2321451015876833E-5  
  19255.50048828125    1.3100571408145043E-5  
  19265.50048828125    1.4952832724396062E-5  
  19275.50048828125    1.3367403601003629E-5  
  19285.50048828125    1.2223907275232317E-5  
  19295.50048828125    1.5911246290592485E-5  
  19305.50048828125    1.6311035626112188E-5  
  19315.50048828125    1.5055741890035025E-5  
  19325.50048828125    1.0200823874840006E-5  
  19335.50048828125    1.3962125064929078E-5  
  19345.50048828125    1.4213775767966568E-5  
  19355.50048828125    1.2365570046140284E-5  
  19365.50048828125    1.2051522797778857E-5  
  19375.50048828125    1.2516665634563747E-5  
  19385.50048828125    1.081854593316562E-5   
  19395.50048828125    1.5444462281050648E-5  
  19405.50048828125    1.2950905334404264E-5  
  19415.50048828125    1.3297828970124927E-5  
  19425.50048828125    1.1257847070382998E-5  
  19435.50048828125    1.2933447129314192E-5  
  19445.50048828125    1.4412334123120539E-5  
  19455.50048828125    1.0975398896873909E-5  
  19465.50048828125    1.074818923811369E-5   
  19475.50048828125    1.39738946693947E-5    
  19485.50048828125    1.2119367313979258E-5  
  19495.50048828125    1.3542771864843176E-5  
  19505.50048828125    1.3003849470891816E-5  
  19515.50048828125    1.1909417358959988E-5  
  19525.50048828125    1.3020052482729782E-5  
  19535.50048828125    1.156977864277315E-5   
  19545.50048828125    1.4357411768939446E-5  
  19555.50048828125    1.3859197692470996E-5  
  19565.50048828125    1.6365216465165467E-5  
  19575.50048828125    1.2926991328337333E-5  
  19585.50048828125    1.37235667262461E-5    
  19595.50048828125    1.2726938556628371E-5  
  19605.50048828125    1.375635578881901E-5   
  19615.50048828125    1.2151603978584854E-5  
  19625.50048828125    1.2175737401375026E-5  
  19635.50048828125    1.1505936509039677E-5  
  19645.50048828125    1.3386109906636764E-5  
  19655.50048828125    1.1033207678308086E-5  
  19665.50048828125    1.393088677728073E-5   
  19675.50048828125    1.2997029188647728E-5  
  19685.50048828125    1.120322628513249E-5   
  19695.50048828125    1.641276553567908E-5   
  19705.50048828125    1.1910162664023672E-5  
  19715.50048828125    1.4247273439383999E-5  
  19725.50048828125    1.3116010593838708E-5  
  19735.50048828125    1.4166751420354402E-5  
  19745.50048828125    1.0532372093903327E-5  
  19755.50048828125    1.2997487017023526E-5  
  19765.50048828125    1.2334324765505076E-5  
  19775.50048828125    1.4075883320492993E-5  
  19785.50048828125    1.0240938998350446E-5  
  19795.50048828125    1.4496849342052654E-5  
  19805.50048828125    1.613649193592152E-5   
  19815.50048828125    1.0005667413586E-5     
  19825.50048828125    1.2893912348382823E-5  
  19835.50048828125    1.1547517132671732E-5  
  19845.50048828125    1.4691833333622242E-5  
  19855.50048828125    9.642237615727387E-6   
  19865.50048828125    1.2588462617901088E-5  
  19875.50048828125    1.2860238056244804E-5  
  19885.50048828125    1.4455100167911949E-5  
  19895.50048828125    8.798668030549985E-6   
  19905.50048828125    1.202052464447945E-5   
  19915.50048828125    1.2421577098558052E-5  
  19925.50048828125    1.6404306077296965E-5  
  19935.50048828125    1.2009470865566064E-5  
  19945.50048828125    1.1885337840756776E-5  
  19955.50048828125    1.3801135056255325E-5  
  19965.50048828125    1.1022247579895826E-5  
  19975.50048828125    1.4314681261364796E-5  
  19985.50048828125    1.2304997108689142E-5  
  19995.50048828125    1.3975893095768347E-5  
  20005.50048828125    1.3846791495750288E-5  
  20015.50048828125    1.2126689970674513E-5  
  20025.50048828125    1.2201544197019693E-5  
  20035.50048828125    1.3638866436236233E-5  
  20045.50048828125    1.5941326120153884E-5  
  20055.50048828125    1.4253297029859005E-5  
  20065.50048828125    1.2259031191499737E-5  
  20075.50048828125    1.1638159262114158E-5  
  20085.50048828125    1.341239879314231E-5   
  20095.50048828125    1.5097995435280016E-5  
  20105.50048828125    1.5183979500328736E-5  
  20115.50048828125    1.2757712753784016E-5  
  20125.50048828125    1.2482879911208446E-5  
  20135.50048828125    1.4708653762292663E-5  
  20145.50048828125    1.1408906374261155E-5  
  20155.50048828125    1.4145026455384125E-5  
  20165.50048828125    1.463221956515625E-5   
  20175.50048828125    1.204423132751232E-5   
  20185.50048828125    1.6702293717235623E-5  
  20195.50048828125    1.1749798584576394E-5  
  20205.50048828125    1.9533775960130525E-5  
  20215.50048828125    8.686672746651147E-6   
  20225.50048828125    1.6093909038075195E-5  
  20235.50048828125    1.0466905676297273E-5  
  20245.50048828125    1.3759851806442476E-5  
  20255.50048828125    1.3121270392284558E-5  
  20265.50048828125    1.4866849403611639E-5  
  20275.50048828125    1.6285505382755018E-5  
  20285.50048828125    1.4376317676068955E-5  
  20295.50048828125    1.5100704620991912E-5  
  20305.50048828125    1.1787597631242302E-5  
  20315.50048828125    1.469301740682789E-5   
  20325.50048828125    1.3304059138724967E-5  
  20335.50048828125    1.5290303125007457E-5  
  20345.50048828125    1.1150106558346077E-5  
  20355.50048828125    1.4140471334144657E-5  
  20365.50048828125    1.164224208676377E-5   
  20375.50048828125    1.3156704765490713E-5  
  20385.50048828125    1.6483465238539972E-5  
  20395.50048828125    1.6351442598877887E-5  
  20405.500488281254   1.3717451760052824E-5  
  20415.50048828125    1.4021915338904655E-5  
  20425.50048828125    1.3564190170385984E-5  
  20435.50048828125    1.5109534717958094E-5  
  20445.500488281254   1.2821553738536644E-5  
  20455.50048828125    1.3578706302334484E-5  
  20465.50048828125    1.567374819793718E-5   
  20475.50048828125    1.5695578266654316E-5  
  20485.500488281254   1.7306909985594466E-5  
  20495.50048828125    1.4091399704310914E-5  
  20505.50048828125    1.6122731764063514E-5  
  20515.50048828125    1.4843408253482918E-5  
  20525.500488281254   1.4174776136888877E-5  
  20535.50048828125    1.7080377246087944E-5  
  20545.50048828125    1.97864585124301E-5    
  20555.50048828125    1.380671922212366E-5   
  20565.500488281254   1.188019951347248E-5   
  20575.50048828125    1.4118208939790155E-5  
  20585.50048828125    1.4165669857992033E-5  
  20595.50048828125    1.244392670229815E-5   
  20605.500488281254   1.3098877332132752E-5  
  20615.50048828125    1.4612930805552604E-5  
  20625.50048828125    1.4696701857682275E-5  
  20635.50048828125    1.8885791191715123E-5  
  20645.500488281254   1.5241915995457521E-5  
  20655.50048828125    1.2603439473733522E-5  
  20665.50048828125    1.7157695976455455E-5  
  20675.50048828125    1.8147753104136315E-5  
  20685.500488281254   1.4121190314851166E-5  
  20695.50048828125    1.7022208108433756E-5  
  20705.50048828125    1.5578515510893195E-5  
  20715.50048828125    1.6156919719795703E-5  
  20725.500488281254   1.3326578153948631E-5  
  20735.50048828125    1.3750109140841762E-5  
  20745.50048828125    1.571094628656923E-5   
  20755.50048828125    1.1537133579651555E-5  
  20765.500488281254   1.571415010414631E-5   
  20775.50048828125    1.3408508295765981E-5  
  20785.50048828125    2.093228941787791E-5   
  20795.50048828125    1.2200838920002748E-5  
  20805.500488281254   1.8662362701135543E-5  
  20815.50048828125    2.036812944915024E-5   
  20825.50048828125    1.3771104752753232E-5  
  20835.50048828125    1.3278078510718221E-5  
  20845.500488281246   1.550194175265865E-5   
  20855.50048828125    1.65860878094624E-5    
  20865.50048828125    1.3499366209298335E-5  
  20875.50048828125    1.2071019235803839E-5  
  20885.500488281246   1.8557021591362787E-5  
  20895.50048828125    1.2356429603904784E-5  
  20905.50048828125    1.410317847928754E-5   
  20915.50048828125    1.68512955998668E-5    
  20925.500488281246   1.8003243249998818E-5  
  20935.50048828125    1.643102336837251E-5   
  20945.50048828125    1.917928515949943E-5   
  20955.50048828125    1.5488538690945686E-5  
  20965.500488281246   2.2474723580897865E-5  
  20975.50048828125    1.4410888576484251E-5  
  20985.50048828125    1.4823228904838037E-5  
  20995.50048828125    2.0284360322356744E-5  
  21005.500488281246   1.6006202510456028E-5  
  21015.50048828125    1.731756898760753E-5   
  21025.50048828125    1.784678724445965E-5   
  21035.50048828125    2.010130631688261E-5   
  21045.500488281246   1.442675274250445E-5   
  21055.50048828125    1.811368373063343E-5   
  21065.50048828125    2.2835129073295286E-5  
  21075.50048828125    1.6363968978960403E-5  
  21085.500488281246   1.7543148593914938E-5  
  21095.50048828125    1.8341807698854867E-5  
  21105.50048828125    2.038398343154018E-5   
  21115.50048828125    1.5044928932655361E-5  
  21125.500488281246   1.8910170300248326E-5  
  21135.50048828125    1.509603812459795E-5   
  21145.50048828125    1.7708749338855547E-5  
  21155.50048828125    2.0036311212826935E-5  
  21165.500488281246   2.1077465825469542E-5  
  21175.50048828125    1.6100946705856885E-5  
  21185.50048828125    1.7096835639245507E-5  
  21195.50048828125    1.728149356324792E-5   
  21205.500488281246   1.6492571591333222E-5  
  21215.50048828125    1.6798527126799676E-5  
  21225.50048828125    2.3297369395623506E-5  
  21235.50048828125    2.1701028333315065E-5  
  21245.500488281246   2.1144663097733653E-5  
  21255.50048828125    1.9682008653816977E-5  
  21265.50048828125    1.8227457746605675E-5  
  21275.50048828125    1.7290717480857863E-5  
  21285.50048828125    1.5193508373991187E-5  
  21295.50048828125    2.0547540010674457E-5  
  21305.50048828125    1.4914559888890346E-5  
  21315.50048828125    1.5855486746441103E-5  
  21325.50048828125    1.8848854768254972E-5  
  21335.50048828125    1.7895350286502794E-5  
  21345.50048828125    1.8667566668022428E-5  
  21355.50048828125    2.2564302369499454E-5  
  21365.50048828125    2.2046783352238025E-5  
  21375.50048828125    2.2854177250296338E-5  
  21385.50048828125    2.1862966822643343E-5  
  21395.50048828125    1.434031921134531E-5   
  21405.50048828125    2.1927248174651608E-5  
  21415.50048828125    1.7842051727704998E-5  
  21425.50048828125    2.273539286571524E-5   
  21435.50048828125    1.8089932593784664E-5  
  21445.50048828125    1.7101554994060608E-5  
  21455.50048828125    1.8975051503024973E-5  
  21465.50048828125    2.3772603587730634E-5  
  21475.50048828125    1.568600623048565E-5   
  21485.50048828125    1.848118213199583E-5   
  21495.50048828125    2.155283496354403E-5   
  21505.50048828125    1.7214092648800014E-5  
  21515.50048828125    1.9445501294262076E-5  
  21525.50048828125    2.4038249686493055E-5  
  21535.50048828125    1.7689392545846624E-5  
  21545.50048828125    2.468063403028359E-5   
  21555.50048828125    2.168510026119131E-5   
  21565.50048828125    1.9581116360481266E-5  
  21575.50048828125    1.986556442670139E-5   
  21585.50048828125    2.0852593740999288E-5  
  21595.50048828125    1.9097188949676892E-5  
  21605.50048828125    1.851669901391192E-5   
  21615.50048828125    2.2401356066625028E-5  
  21625.50048828125    1.8082568391476478E-5  
  21635.50048828125    2.0857217888832496E-5  
  21645.50048828125    1.6184460255736057E-5  
  21655.500488281254   2.470697602928054E-5   
  21665.50048828125    2.1810168566684905E-5  
  21675.50048828125    1.9575160227969078E-5  
  21685.50048828125    2.1274731750890892E-5  
  21695.500488281254   1.8608475056235966E-5  
  21705.50048828125    2.0249200701629505E-5  
  21715.50048828125    2.809383062069533E-5   
  21725.50048828125    1.4378359908175111E-5  
  21735.500488281254   2.3163394720189587E-5  
  21745.50048828125    2.186798165052411E-5   
  21755.50048828125    1.827116206852027E-5   
  21765.50048828125    1.553127169531012E-5   
  21775.500488281254   2.101195881714891E-5   
  21785.50048828125    2.034901995995691E-5   
  21795.50048828125    2.194062493953794E-5   
  21805.50048828125    1.909877637048716E-5   
  21815.500488281254   2.010437300125994E-5   
  21825.50048828125    1.7743738550274488E-5  
  21835.50048828125    1.956924229321774E-5   
  21845.50048828125    2.2847378745368445E-5  
  21855.500488281254   2.37855643023498E-5    
  21865.50048828125    1.400723788031504E-5   
  21875.50048828125    1.676491725770033E-5   
  21885.50048828125    2.1577649230321095E-5  
  21895.500488281254   2.2534491197410073E-5  
  21905.50048828125    1.73314099112776E-5    
  21915.50048828125    1.976353520141054E-5   
  21925.50048828125    2.218254522350652E-5   
  21935.500488281254   2.3117799063253552E-5  
  21945.50048828125    1.9078626268192435E-5  
  21955.50048828125    1.6823301711885488E-5  
  21965.50048828125    1.9460343224770494E-5  
  21975.500488281254   1.849830708473488E-5   
  21985.50048828125    2.1248395218718443E-5  
  21995.50048828125    1.9021441826854318E-5  
  22005.50048828125    2.9791021618996384E-5  
  22015.500488281254   2.250450329606055E-5   
  22025.50048828125    3.247113246739914E-5   
  22035.50048828125    1.737045094046797E-5   
  22045.50048828125    2.486617285572381E-5   
  22055.500488281254   2.8048394648775722E-5  
  22065.50048828125    2.4668660628170923E-5  
  22075.50048828125    2.5581226276133384E-5  
  22085.50048828125    2.8051083260689555E-5  
  22095.500488281246   1.905201677830015E-5   
  22105.50048828125    2.552767257176278E-5   
  22115.50048828125    3.2413433485898994E-5  
  22125.50048828125    2.8691501415142724E-5  
  22135.500488281246   2.7104222694757542E-5  
  22145.50048828125    2.8430709491707667E-5  
  22155.50048828125    2.569925108225194E-5   
  22165.50048828125    2.7329171062431092E-5  
  22175.500488281246   2.1081486148345633E-5  
  22185.50048828125    3.123076468885738E-5   
  22195.50048828125    2.8094001983671778E-5  
  22205.50048828125    2.2218765794746812E-5  
  22215.500488281246   2.663093959327219E-5   
  22225.50048828125    2.6771124032655218E-5  
  22235.50048828125    3.3286072310123146E-5  
  22245.50048828125    2.4356282459133027E-5  
  22255.500488281246   3.013061080353828E-5   
  22265.50048828125    2.5445735739633715E-5  
  22275.50048828125    2.7612363102310195E-5  
  22285.50048828125    2.4680622578226065E-5  
  22295.500488281246   2.399155006115185E-5   
  22305.50048828125    3.5355559591538325E-5  
  22315.50048828125    2.932092464395097E-5   
  22325.50048828125    2.6402973282385132E-5  
  22335.500488281246   3.20268646106791E-5    
  22345.50048828125    2.283342390779515E-5   
  22355.50048828125    3.2309865158985555E-5  
  22365.50048828125    3.735823023098132E-5   
  22375.500488281246   2.79489420196852E-5    
  22385.50048828125    2.899385441138073E-5   
  22395.50048828125    3.957602903662648E-5   
  22405.50048828125    2.9873724597162006E-5  
  22415.500488281246   3.227714765494423E-5   
  22425.50048828125    3.831753936340642E-5   
  22435.50048828125    3.293663857306807E-5   
  22445.50048828125    3.794531935224283E-5   
  22455.500488281246   4.080282562471597E-5   
  22465.50048828125    3.407139451886622E-5   
  22475.50048828125    3.080184495596996E-5   
  22485.50048828125    3.7779215622976876E-5  
  22495.500488281246   3.0429444300953406E-5  
  22505.50048828125    3.919196708577639E-5   
  22515.50048828125    3.106143694325123E-5   
  22525.50048828125    3.352368597957961E-5   
  22535.50048828125    4.015852549463963E-5   
  22545.50048828125    3.05764033702873E-5    
  22555.50048828125    3.953491640979319E-5   
  22565.50048828125    4.5216626219727395E-5  
  22575.50048828125    4.6355615368542594E-5  
  22585.50048828125    2.8801717010839195E-5  
  22595.50048828125    3.379160549561873E-5   
  22605.50048828125    4.041795927806656E-5   
  22615.50048828125    4.140876636982615E-5   
  22625.50048828125    2.8825705095981116E-5  
  22635.50048828125    3.6908447832566156E-5  
  22645.50048828125    4.004679814938864E-5   
  22655.50048828125    3.472550712457082E-5   
  22665.50048828125    3.604049594368548E-5   
  22675.50048828125    3.9359127762635494E-5  
  22685.50048828125    3.4673630405529615E-5  
  22695.50048828125    3.06977689544583E-5    
  22705.50048828125    2.775305385397372E-5   
  22715.50048828125    3.890347496496599E-5   
  22725.50048828125    4.046603671608934E-5   
  22735.50048828125    2.928315912903626E-5   
  22745.50048828125    3.3377029604911854E-5  
  22755.50048828125    2.958914185848351E-5   
  22765.50048828125    2.650440269064543E-5   
  22775.50048828125    3.888837168302207E-5   
  22785.50048828125    2.4044184656751375E-5  
  22795.50048828125    2.9098634358997407E-5  
  22805.50048828125    2.728724899400129E-5   
  22815.50048828125    2.7444882436266792E-5  
  22825.50048828125    2.430759776658419E-5   
  22835.50048828125    2.629649439126923E-5   
  22845.50048828125    2.0935462549711358E-5  
  22855.50048828125    2.3153631506464987E-5  
  22865.50048828125    1.8826462435359393E-5  
  22875.50048828125    2.59808851750522E-5    
  22885.50048828125    2.4727467420639197E-5  
  22895.50048828125    2.0908322727701473E-5  
  22905.500488281254   2.0677024084325855E-5  
  22915.50048828125    1.8706403339664917E-5  
  22925.50048828125    2.1094449209411078E-5  
  22935.50048828125    2.167849287312388E-5   
  22945.500488281254   1.9227732703999E-5     
  22955.50048828125    1.8692798952520102E-5  
  22965.50048828125    1.9976270608650698E-5  
  22975.50048828125    1.6987246106869156E-5  
  22985.500488281254   1.7971991511204298E-5  
  22995.50048828125    1.6178781302771456E-5  
  23005.50048828125    1.880989780231345E-5   
  23015.50048828125    1.5100150527135062E-5  
  23025.500488281254   1.638409163044959E-5   
  23035.50048828125    1.6014062592296075E-5  
  23045.50048828125    1.5687051465196123E-5  
  23055.50048828125    1.2444476118923487E-5  
  23065.500488281254   1.616267649645364E-5   
  23075.50048828125    1.4850636142658632E-5  
  23085.50048828125    1.4903849207134303E-5  
  23095.50048828125    1.3644115185585921E-5  
  23105.500488281254   1.5078810305302593E-5  
  23115.50048828125    1.3511104534727832E-5  
  23125.50048828125    9.57248637722844E-6    
  23135.50048828125    1.3027724027751376E-5  
  23145.500488281254   1.3596000012873242E-5  
  23155.50048828125    1.0395919350103459E-5  
  23165.50048828125    1.0868302694408772E-5  
  23175.50048828125    1.2750966047504644E-5  
  23185.500488281254   1.0518617520457363E-5  
  23195.50048828125    1.0603384798362075E-5  
  23205.50048828125    1.066105890096871E-5   
  23215.50048828125    1.3093193979593921E-5  
  23225.500488281254   8.700327196538657E-6   
  23235.50048828125    9.898783623080092E-6   
  23245.50048828125    9.93390522739616E-6    
  23255.50048828125    9.689666795222852E-6   
  23265.500488281254   8.844099355114216E-6   
  23275.50048828125    7.890770907512947E-6   
  23285.50048828125    8.160144296878157E-6   
  23295.50048828125    7.891028263590739E-6   
  23305.500488281254   8.86488082908272E-6    
  23315.50048828125    7.143662229093767E-6   
  23325.50048828125    7.325055079840532E-6   
  23335.50048828125    6.714182049430828E-6   
  23345.500488281246   6.389020381164308E-6   
  23355.50048828125    5.647293102747938E-6   
  23365.50048828125    6.703580202872231E-6   
  23375.50048828125    6.255124468823015E-6   
  23385.500488281246   5.797935064847484E-6   
  23395.50048828125    4.62833466359586E-6    
  23405.50048828125    4.966401741012322E-6   
  23415.50048828125    5.609974133080764E-6   
  23425.500488281246   5.057099121053112E-6   
  23435.50048828125    4.309611164768676E-6   
  23445.50048828125    5.456591314419711E-6   
  23455.50048828125    5.377138888283189E-6   
  23465.500488281246   5.2361174636773274E-6  
  23475.50048828125    5.135148811701499E-6   
  23485.50048828125    6.077660465481008E-6   
  23495.50048828125    4.84518293974465E-6    
  23505.500488281246   4.150513208995195E-6   
  23515.50048828125    5.995479013586552E-6   
  23525.50048828125    5.5386939586055425E-6  
  23535.50048828125    6.167121704677621E-6   
  23545.500488281246   4.254467355228768E-6   
  23555.50048828125    5.256847407386035E-6   
  23565.50048828125    4.891468492252992E-6   
  23575.50048828125    4.744965233643848E-6   
  23585.500488281246   5.441069654213328E-6   
  23595.50048828125    5.094167104810475E-6   
  23605.50048828125    4.61791693492856E-6    
  23615.50048828125    4.672399844402192E-6   
  23625.500488281246   4.255683293180234E-6   
  23635.50048828125    4.219318706600851E-6   
  23645.50048828125    4.0384390123599E-6     
  23655.50048828125    3.439915031654369E-6   
  23665.500488281246   3.2741881706202865E-6  
  23675.50048828125    3.120350421114552E-6   
  23685.50048828125    2.975304683052789E-6   
  23695.50048828125    2.669182619381981E-6   
  23705.500488281246   2.326962183570333E-6   
  23715.50048828125    2.0282998695990433E-6  
  23725.50048828125    1.8491686899343415E-6  
  23735.50048828125    1.5608693007299503E-6  
  23745.500488281246   1.3068027800877779E-6  
  23755.50048828125    1.6304795742078285E-6  
  23765.50048828125    1.542477618466657E-6   
  23775.50048828125    1.4871104340614752E-6  
  23785.50048828125    1.4903285836240564E-6  
  23795.50048828125    1.5232890247027164E-6  
  23805.50048828125    1.5443417865998517E-6  
  23815.50048828125    1.390024767479715E-6   
  23825.50048828125    1.35488188178007E-6    
  23835.50048828125    1.251260424716288E-6   
  23845.50048828125    1.2241782637966085E-6  
  23855.50048828125    1.1822160941329554E-6  
  23865.50048828125    1.1264162675978083E-6  
  23875.50048828125    1.1261272412052765E-6  
  23885.50048828125    1.075972563613421E-6   
  23895.50048828125    1.0133273256818546E-6  
  23905.50048828125    9.855095943091916E-7   
  23915.50048828125    9.391736979770004E-7   
  23925.50048828125    9.328442179907875E-7   
  23935.50048828125    8.794372728732254E-7   
  23945.50048828125    8.565507159945737E-7   
  23955.50048828125    7.623118956134475E-7   
  23965.50048828125    7.364285248993805E-7   
  23975.50048828125    7.452594995047751E-7   
  23985.50048828125    6.973941208318689E-7   
  23995.50048828125    6.277468123575576E-7   
  24005.50048828125    6.24464157262335E-7    
  24015.50048828125    5.62138913520117E-7    
  24025.50048828125    5.492003598452441E-7   
  24035.50048828125    4.914869576168853E-7   
  24045.50048828125    4.53866116191721E-7    
  24055.50048828125    4.310821860988087E-7   
  24065.50048828125    4.0939179342670654E-7  
  24075.50048828125    3.497252768108821E-7   
  24085.50048828125    3.367181618092844E-7   
  24095.50048828125    3.0799542708061063E-7  
  24105.50048828125    2.730752197493589E-7   
  24115.50048828125    2.5323873797580994E-7  
  24125.50048828125    2.2868106960599074E-7  
  24135.50048828125    1.99689431563399E-7    
  24145.50048828125    1.8181660253118186E-7  
  24155.500488281254   1.6354486535671206E-7  
  24165.50048828125    1.4639656609546932E-7  
  24175.50048828125    1.314362427464489E-7   
  24185.50048828125    1.200034964273379E-7   
  24195.500488281254   1.0711777272204474E-7  
  24205.50048828125    9.5314983360054E-8     
  24215.50048828125    8.63616569421204E-8    
  24225.50048828125    7.726750887114005E-8   
  24235.500488281254   6.935229751294166E-8   
  24245.50048828125    6.230381382933228E-8   
  24255.50048828125    5.648168726413375E-8   
  24265.50048828125    5.179051223965696E-8   
  24275.500488281254   4.742608871632218E-8   
  24285.50048828125    4.324139928541371E-8   
  24295.50048828125    3.811583259662203E-8   
  24305.50048828125    3.675421446134538E-8   
  24315.500488281254   3.2658752192097036E-8  
  24325.50048828125    2.9908179411176116E-8  
  24335.50048828125    2.7941085363064956E-8  
  24345.50048828125    2.540393817303854E-8   
  24355.500488281254   2.3474499378607395E-8  
  24365.50048828125    2.114932988035181E-8   
  24375.50048828125    1.986606257763186E-8   
  24385.50048828125    1.8099457174262314E-8  
  24395.500488281254   1.638062429287836E-8   
  24405.50048828125    1.523543778103986E-8   
  24415.50048828125    1.3687204307400448E-8  
  24425.50048828125    1.2717095267608914E-8  
  24435.500488281254   1.1198326901869561E-8  
  24445.50048828125    1.046403007442417E-8   
  24455.50048828125    9.259097702730755E-9   
  24465.50048828125    8.488641243927766E-9   
  24475.500488281254   7.710716190562945E-9   
  24485.50048828125    6.767895871650817E-9   
  24495.50048828125    6.160873995280456E-9   
  24505.50048828125    5.766798570186665E-9   
  24515.500488281254   5.432992518651509E-9   
  24525.50048828125    4.966112584948508E-9   
  24535.50048828125    4.479194891300953E-9   
  24545.50048828125    4.099846603755424E-9   
  24555.500488281254   3.869330649085468E-9   
  24565.50048828125    3.4373101897744645E-9  
  24575.50048828125    3.228290790328763E-9   
  24585.50048828125    3.008609767666521E-9   
  24595.500488281246   2.7153126468786396E-9  
  24605.50048828125    2.5474023972144755E-9  
  24615.50048828125    2.3289813005882755E-9  
  24625.50048828125    2.159457747995572E-9   
  24635.500488281246   1.9860711254212383E-9  
  24645.50048828125    1.8457650114773175E-9  
  24655.50048828125    1.7450946522782182E-9  
  24665.50048828125    1.6093379954510477E-9  
  24675.500488281246   1.5095583118300358E-9  
  24685.50048828125    1.4121951594025087E-9  
  24695.50048828125    1.2956816388210733E-9  
  24705.50048828125    1.2064843183276434E-9  
  24715.500488281246   1.1492268522325011E-9  
  24725.50048828125    1.0635818941260612E-9  
  24735.50048828125    1.0002166168373294E-9  
  24745.50048828125    9.45237508996441E-10   
  24755.500488281246   8.804472568236963E-10  
  24765.50048828125    8.425601507342581E-10  
  24775.50048828125    7.949231587829963E-10  
  24785.50048828125    7.552306366171008E-10  
  24795.500488281246   7.175378609232936E-10  
  24805.50048828125    6.827106495512095E-10  
  24815.50048828125    6.573443532886925E-10  
  24825.50048828125    6.236926943097968E-10  
  24835.500488281246   5.899730666470418E-10  
  24845.50048828125    5.687309884697772E-10  
  24855.50048828125    5.540788077988983E-10  
  24865.50048828125    5.28128623475504E-10   
  24875.500488281246   5.073021502725014E-10  
  24885.50048828125    4.945237291938803E-10  
  24895.50048828125    4.824768643702734E-10  
  24905.50048828125    4.642027103602708E-10  
  24915.500488281246   4.476699711951074E-10  
  24925.50048828125    4.360533480753924E-10  
  24935.50048828125    4.225911270408284E-10  
  24945.50048828125    4.0569294291310935E-10 
  24955.500488281246   3.9663455014607287E-10 
  24965.50048828125    3.837725433213955E-10  
  24975.50048828125    3.729210766011698E-10  
  24985.50048828125    3.6260078577978663E-10 
  24995.500488281246   3.532027265086838E-10  
  25005.50048828125    3.4569097163795027E-10 
  25015.50048828125    3.336608965394613E-10  
  25025.50048828125    3.2682684475558633E-10 
  25035.50048828125    3.1842275485406145E-10 
  25045.50048828125    3.108272868235441E-10  
  25055.50048828125    3.0294188997903535E-10 
  25065.50048828125    2.9365678150555833E-10 
  25075.50048828125    2.8734472659308226E-10 
  25085.50048828125    2.795983611939104E-10  
  25095.50048828125    2.716715413767601E-10  
  25105.50048828125    2.637512452901414E-10  
  25115.50048828125    2.5619188808825063E-10 
  25125.50048828125    2.493958089592795E-10  
  25135.50048828125    2.402549724806763E-10  
  25145.50048828125    2.3225045135709571E-10 
  25155.50048828125    2.2417395406842418E-10 
  25165.50048828125    2.1611181499624704E-10 
  25175.50048828125    2.0852493583895996E-10 
  25185.50048828125    2.0047252253597775E-10 
  25195.50048828125    1.921303415602778E-10  
  25205.50048828125    1.8405958037951114E-10 
  25215.50048828125    1.767253572558195E-10  
  25225.50048828125    1.6920692163315284E-10 
  25235.50048828125    1.6073389031620699E-10 
  25245.50048828125    1.5322648739282574E-10 
  25255.50048828125    1.459724889160573E-10  
  25265.50048828125    1.3881860760403202E-10 
  25275.50048828125    1.3168899568620353E-10 
  25285.50048828125    1.2469562982432161E-10 
  25295.50048828125    1.1815439527237593E-10 
  25305.50048828125    1.1161734486202093E-10 
  25315.50048828125    1.0634852456270504E-10 
  25325.50048828125    1.0052578435870523E-10 
  25335.50048828125    9.509869955541129E-11  
  25345.50048828125    9.023753112005747E-11  
  25355.50048828125    8.56594789424933E-11   
  25365.50048828125    8.151326885306027E-11  
  25375.50048828125    7.76209077042553E-11   
  25385.50048828125    7.414093252392035E-11  
  25395.50048828125    7.115440732456631E-11  
  25405.500488281254   6.76330881448476E-11   
  25415.50048828125    6.474378951186295E-11  
  25425.50048828125    6.1060639110415E-11    
  25435.50048828125    5.838798256169815E-11  
  25445.500488281254   5.568555039795841E-11  
  25455.50048828125    5.3341066259548824E-11 
  25465.50048828125    5.1077892742223235E-11 
  25475.50048828125    4.9360060759454044E-11 
  25485.500488281254   4.776039482100672E-11  
  25495.50048828125    4.552751823285295E-11  
  25505.50048828125    4.4046710330489215E-11 
  25515.50048828125    4.279300019227661E-11  
  25525.500488281254   4.13897872369455E-11   
  25535.50048828125    4.015306331588392E-11  
  25545.50048828125    3.906542502828758E-11  
  25555.50048828125    3.7620802556156325E-11 
  25565.500488281254   3.651198762692727E-11  
  25575.50048828125    3.534624807240271E-11  
  25585.50048828125    3.436273478750934E-11  
  25595.50048828125    3.337621057884924E-11  
  25605.500488281254   3.255229542969238E-11  
  25615.50048828125    3.097633113522664E-11  
  25625.50048828125    2.9898905377754783E-11 
  25635.50048828125    2.8423971479400187E-11 
  25645.500488281254   2.7352025299186805E-11 
  25655.50048828125    2.588539049254134E-11  
  25665.50048828125    2.4657347322621308E-11 
  25675.50048828125    2.3253545444454116E-11 
  25685.500488281254   2.168239145018396E-11  
  25695.50048828125    2.037368951012758E-11  
  25705.50048828125    1.875103824460727E-11  
  25715.50048828125    1.7466510504864227E-11 
  25725.500488281254   1.610494981638276E-11  
  25735.50048828125    1.470867920979913E-11  
  25745.50048828125    1.3433777616926327E-11 
  25755.50048828125    1.2166389265243352E-11 
  25765.500488281254   1.1002795782253235E-11 
  25775.50048828125    9.861693926456379E-12  
  25785.50048828125    8.806297792272091E-12  
  25795.50048828125    7.807616855347011E-12  
  25805.500488281254   6.998046264238672E-12  
  25815.50048828125    6.142866919030797E-12  
  25825.50048828125    5.402726480547504E-12  
  25835.50048828125    4.721872284070865E-12  
  25845.500488281246   4.137396380527414E-12  
  25855.50048828125    3.583390308992478E-12  
  25865.50048828125    3.0926714955213316E-12 
  25875.50048828125    2.697070150825375E-12  
  25885.500488281246   2.320759334714606E-12  
  25895.50048828125    2.016216845209345E-12  
  25905.50048828125    1.732680723538715E-12  
  25915.50048828125    1.4816689206006975E-12 
  25925.500488281246   1.2822551475877267E-12 
  25935.50048828125    1.1019137377818818E-12 
  25945.50048828125    9.407682199685485E-13  
  25955.50048828125    8.150488884975902E-13  
  25965.500488281246   6.995123231195122E-13  
  25975.50048828125    6.057924980002467E-13  
  25985.50048828125    5.29262449618191E-13   
