# microns              throughput              
  5502.000122070313    4.263059726353874E-10   
  5512.000122070313    2.891132811480117E-10   
  5522.000122070313    4.4205211938415806E-10  
  5532.000122070313    6.291159557732231E-10   
  5542.000122070313    6.791275087200021E-10   
  5552.000122070313    5.575702220569172E-10   
  5562.000122070313    5.271518101881557E-10   
  5572.000122070313    5.925066061849124E-10   
  5582.000122070313    3.4520990416512245E-10  
  5592.000122070313    1.7375639308420234E-10  
  5602.000122070312    2.333864438795359E-10   
  5612.000122070312    2.3553868369493557E-10  
  5622.000122070312    3.2795182674784205E-10  
  5632.000122070312    2.7444495090678425E-10  
  5642.000122070312    5.041299430134588E-10   
  5652.000122070312    8.58587480728633E-10    
  5662.000122070312    1.069939912871279E-9    
  5672.000122070312    1.6983581252089489E-9   
  5682.000122070312    1.8600622133660967E-9   
  5692.000122070312    2.513255848983951E-9    
  5702.000122070312    1.7697649411343866E-9   
  5712.0001220703125   1.576004782150231E-9    
  5722.0001220703125   9.845885826926568E-10   
  5732.0001220703125   1.867783891987182E-9    
  5742.0001220703125   2.1277482651824366E-9   
  5752.0001220703125   1.760014596773926E-9    
  5762.0001220703125   2.6767264445476355E-9   
  5772.0001220703125   2.226157291107937E-9    
  5782.0001220703125   2.8635749029788513E-9   
  5792.0001220703125   1.5796586956810054E-9   
  5802.0001220703125   2.2951830841345175E-9   
  5812.0001220703125   1.786330446391047E-9    
  5822.0001220703125   2.574152797507245E-9    
  5832.0001220703125   2.678968451141368E-9    
  5842.0001220703125   3.3149313186089166E-9   
  5852.0001220703125   4.714588851804493E-9    
  5862.0001220703125   6.073405044403716E-9    
  5872.0001220703125   7.490750916623024E-9    
  5882.0001220703125   5.9553576200408385E-9   
  5892.0001220703125   6.216940672655134E-9    
  5902.0001220703125   7.731740193743281E-9    
  5912.0001220703125   9.119481671311762E-9    
  5922.0001220703125   9.334468872270408E-9    
  5932.0001220703125   8.605319001670115E-9    
  5942.0001220703125   1.1229987677855597E-8   
  5952.0001220703125   1.2443203554973929E-8   
  5962.0001220703125   1.2463905668339189E-8   
  5972.0001220703125   1.0961056589556371E-8   
  5982.0001220703125   1.244245112095309E-8    
  5992.0001220703125   1.535786371223475E-8    
  6002.0001220703125   1.88277821062621E-8     
  6012.0001220703125   3.15716061084466E-8     
  6022.0001220703125   5.62892280875802E-8     
  6032.0001220703125   9.129602284692694E-8    
  6042.0001220703125   1.2155318787136664E-7   
  6052.0001220703125   1.4553517479700293E-7   
  6062.0001220703125   1.6142417258809092E-7   
  6072.0001220703125   1.714276261205133E-7    
  6082.0001220703125   1.7290369665800577E-7   
  6092.0001220703125   1.7065495809068652E-7   
  6102.0001220703125   1.803024138880443E-7    
  6112.0001220703125   2.1552050678186048E-7   
  6122.0001220703125   2.8033318937155915E-7   
  6132.0001220703125   3.696948750717555E-7    
  6142.0001220703125   4.7062745360222354E-7   
  6152.0001220703125   5.517291638946808E-7    
  6162.0001220703125   5.880345761597512E-7    
  6172.0001220703125   5.851626395126846E-7    
  6182.0001220703125   6.001478894270884E-7    
  6192.0001220703125   6.995975732506142E-7    
  6202.0001220703125   9.332017472433511E-7    
  6212.0001220703125   1.280703952483308E-6    
  6222.0001220703125   1.660122221463673E-6    
  6232.0001220703125   1.941755315871215E-6    
  6242.0001220703125   2.031856452266888E-6    
  6252.0001220703125   1.90457497883183E-6     
  6262.0001220703125   1.6012537273954638E-6   
  6272.0001220703125   1.2339361250484768E-6   
  6282.0001220703125   8.988178539935845E-7    
  6292.0001220703125   6.691671110861722E-7    
  6302.0001220703125   5.347509882634836E-7    
  6312.0001220703125   4.5624970515428055E-7   
  6322.0001220703125   4.0217575761110704E-7   
  6332.0001220703125   3.6376662589724164E-7   
  6342.0001220703125   3.4466431216970113E-7   
  6352.0001220703125   3.4130323296092943E-7   
  6362.0001220703125   3.4415344371289206E-7   
  6372.0001220703125   3.420227876172497E-7    
  6382.0001220703125   3.182428639102661E-7    
  6392.0001220703125   2.800952043433322E-7    
  6402.0001220703125   2.3254984304076594E-7   
  6412.0001220703125   1.8904911550402805E-7   
  6422.0001220703125   1.5262292388511106E-7   
  6432.0001220703125   1.2557421763464058E-7   
  6442.0001220703125   1.0799077069273783E-7   
  6452.0001220703125   9.508100775217169E-8    
  6462.0001220703125   9.336968972090907E-8    
  6472.0001220703125   9.53736588066937E-8     
  6482.0001220703125   9.648393470510602E-8    
  6492.0001220703125   9.41687068100968E-8     
  6502.0001220703125   9.268726051937866E-8    
  6512.0001220703125   1.0018541694833522E-7   
  6522.0001220703125   9.687326577450903E-8    
  6532.0001220703125   9.415111286484994E-8    
  6542.0001220703125   9.197726068295726E-8    
  6552.0001220703125   9.775972612207657E-8    
  6562.0001220703125   1.0938651024192016E-7   
  6572.0001220703125   1.1184635188269601E-7   
  6582.0001220703125   1.0474591032016773E-7   
  6592.0001220703125   9.649626896123685E-8    
  6602.0001220703125   9.620309566855684E-8    
  6612.0001220703125   1.0357599631674282E-7   
  6622.0001220703125   1.1306511439550956E-7   
  6632.0001220703125   1.1566918012566284E-7   
  6642.0001220703125   1.2235365427163171E-7   
  6652.0001220703125   1.240798260456252E-7    
  6662.0001220703125   1.2641635000467926E-7   
  6672.0001220703125   1.3661281547848235E-7   
  6682.0001220703125   1.5058857326646347E-7   
  6692.0001220703125   1.6176907853418076E-7   
  6702.0001220703125   1.5818852824468002E-7   
  6712.0001220703125   1.5376917005890234E-7   
  6722.0001220703125   1.5413473670435318E-7   
  6732.0001220703125   1.555896568447629E-7    
  6742.000122070313    1.566404059929178E-7    
  6752.000122070313    1.6066617455088245E-7   
  6762.000122070313    1.6993309105133798E-7   
  6772.000122070313    1.7046975971194807E-7   
  6782.000122070313    1.6650499495076E-7      
  6792.000122070313    1.6511858207923377E-7   
  6802.000122070313    1.6524915019614728E-7   
  6812.000122070313    1.5660880030206625E-7   
  6822.000122070313    1.535358607198059E-7    
  6832.000122070313    1.4049114320868965E-7   
  6842.000122070313    1.3620819812505415E-7   
  6852.000122070312    1.2705078240557626E-7   
  6862.000122070312    1.2951272018996248E-7   
  6872.000122070312    1.387391698303556E-7    
  6882.000122070312    1.5583640962393002E-7   
  6892.000122070312    1.7477659147157202E-7   
  6902.000122070312    1.753290271467484E-7    
  6912.000122070312    1.736291193070822E-7    
  6922.000122070312    1.6118871779490769E-7   
  6932.000122070312    1.6731446655104457E-7   
  6942.000122070312    1.6887278450689116E-7   
  6952.000122070312    1.6864145067099512E-7   
  6962.0001220703125   1.601872331460977E-7    
  6972.0001220703125   1.4461679576619316E-7   
  6982.0001220703125   1.3803639470467575E-7   
  6992.0001220703125   1.343819137390801E-7    
  7002.0001220703125   1.3123453520189044E-7   
  7012.0001220703125   1.4131016345755904E-7   
  7022.0001220703125   1.4409968401989918E-7   
  7032.0001220703125   1.5239565562518525E-7   
  7042.0001220703125   1.4848417023372728E-7   
  7052.0001220703125   1.55415146030719E-7     
  7062.0001220703125   1.5217571375701687E-7   
  7072.0001220703125   1.4816960495199754E-7   
  7082.0001220703125   1.4622332922862978E-7   
  7092.0001220703125   1.627123774410019E-7    
  7102.0001220703125   1.7802226743538025E-7   
  7112.0001220703125   1.683466303559247E-7    
  7122.0001220703125   1.5555503242037772E-7   
  7132.0001220703125   1.379042009764226E-7    
  7142.0001220703125   1.3686106671934964E-7   
  7152.0001220703125   1.1453529418359219E-7   
  7162.0001220703125   9.86190787609372E-8     
  7172.0001220703125   1.0048554015378202E-7   
  7182.0001220703125   1.0221810789481434E-7   
  7192.0001220703125   1.1529427280708164E-7   
  7202.0001220703125   1.1936756320390885E-7   
  7212.0001220703125   1.5033375638573845E-7   
  7222.0001220703125   1.4988714439392479E-7   
  7232.0001220703125   1.4751825903909425E-7   
  7242.0001220703125   1.151398694082939E-7    
  7252.0001220703125   1.1606219107519097E-7   
  7262.0001220703125   1.1362841637986373E-7   
  7272.0001220703125   1.3532660413946678E-7   
  7282.0001220703125   1.3579442169147248E-7   
  7292.0001220703125   1.396651807743815E-7    
  7302.0001220703125   1.513515399018623E-7    
  7312.0001220703125   1.6215135215993347E-7   
  7322.0001220703125   1.7803373577814332E-7   
  7332.0001220703125   1.7294180860584742E-7   
  7342.0001220703125   1.883659029411231E-7    
  7352.0001220703125   1.8355995097941024E-7   
  7362.0001220703125   1.914778596320919E-7    
  7372.0001220703125   1.8334495530300727E-7   
  7382.0001220703125   1.7886297602617035E-7   
  7392.0001220703125   1.657009360645382E-7    
  7402.0001220703125   1.4926017978488483E-7   
  7412.0001220703125   1.6213233640206334E-7   
  7422.0001220703125   1.7032982281987589E-7   
  7432.0001220703125   1.6526352972484448E-7   
  7442.0001220703125   1.3108412075687015E-7   
  7452.0001220703125   9.30553368868528E-8     
  7462.0001220703125   8.825923430055112E-8    
  7472.0001220703125   1.0593887835190446E-7   
  7482.0001220703125   1.3539535114097493E-7   
  7492.0001220703125   1.4088350187270323E-7   
  7502.0001220703125   1.629690049599766E-7    
  7512.0001220703125   1.6707711920701516E-7   
  7522.0001220703125   1.9366768641937825E-7   
  7532.0001220703125   1.474965150494651E-7    
  7542.0001220703125   1.4770158416340108E-7   
  7552.0001220703125   1.4396803971629669E-7   
  7562.0001220703125   1.7516999947608535E-7   
  7572.0001220703125   1.8919007126047418E-7   
  7582.0001220703125   1.9159415363397162E-7   
  7592.0001220703125   1.7762756771692657E-7   
  7602.0001220703125   1.6884910205017363E-7   
  7612.0001220703125   1.4759729869190555E-7   
  7622.0001220703125   1.4368444634791869E-7   
  7632.0001220703125   1.3943348602561514E-7   
  7642.0001220703125   1.42674608653204E-7     
  7652.0001220703125   1.5659409828482816E-7   
  7662.0001220703125   1.4658495457099357E-7   
  7672.0001220703125   1.3930743911882757E-7   
  7682.0001220703125   1.3497624502863307E-7   
  7692.0001220703125   1.5027221077404304E-7   
  7702.0001220703125   1.6355921202305564E-7   
  7712.0001220703125   1.7571691608749705E-7   
  7722.0001220703125   1.4541598076810945E-7   
  7732.0001220703125   1.0993219256195645E-7   
  7742.0001220703125   8.708594959092183E-8    
  7752.0001220703125   1.4489472384669334E-7   
  7762.0001220703125   1.4516524255784385E-7   
  7772.0001220703125   1.5247879135644812E-7   
  7782.0001220703125   7.526173773560351E-8    
  7792.0001220703125   1.2319947507449847E-7   
  7802.0001220703125   1.6927084103016304E-7   
  7812.0001220703125   1.9245596853197047E-7   
  7822.0001220703125   1.8062771747200607E-7   
  7832.0001220703125   1.19895060285754E-7     
  7842.0001220703125   9.946354622748284E-8    
  7852.0001220703125   8.452599271354436E-8    
  7862.0001220703125   6.340303397529363E-8    
  7872.0001220703125   7.904488937446125E-8    
  7882.0001220703125   5.723574961800249E-8    
  7892.0001220703125   6.418985606206212E-8    
  7902.0001220703125   3.249378646796019E-8    
  7912.0001220703125   2.3211187999465253E-8   
  7922.0001220703125   1.969490151916093E-8    
  7932.0001220703125   4.9116227234842675E-8   
  7942.0001220703125   4.51860637785865E-8     
  7952.0001220703125   5.918575200388199E-8    
  7962.0001220703125   9.67646666101748E-8     
  7972.0001220703125   9.696411773153795E-8    
  7982.0001220703125   7.139289846792261E-8    
  7992.000122070313    1.0473257713099121E-8   
  8002.000122070313    8.94895733465777E-9     
  8012.000122070313    7.934353058971264E-9    
  8022.000122070313    2.183762201713823E-9    
  8032.000122070313    8.419653372513198E-10   
  8042.000122070313    1.5044089044455046E-9   
  8052.000122070313    6.920943151765575E-10   
  8062.000122070313    6.960421595161826E-10   
  8072.000122070313    1.0366344232250186E-8   
  8082.000122070313    1.0395627878934537E-8   
  8092.000122070313    1.0420802090087907E-8   
  8102.000122070312    9.14990442506235E-9     
  8112.000122070312    1.7756450721513773E-8   
  8122.000122070312    4.2297095880444915E-8   
  8132.000122070312    3.8247055685729756E-8   
  8142.000122070312    2.9672475766492203E-8   
  8152.000122070312    5.0952425533119045E-9   
  8162.000122070312    1.5596518745310953E-8   
  8172.000122070312    1.8235381362067055E-8   
  8182.000122070312    2.0559449041210773E-8   
  8192.000122070312    4.965687613803276E-9    
  8202.000122070312    2.3366875847630053E-9   
  8212.000122070312    7.801805191539041E-9    
  8222.000122070312    7.810606343437734E-9    
  8232.000122070312    2.085370687625971E-8    
  8242.000122070312    2.102844670763057E-8    
  8252.000122070312    3.3599803476782336E-8   
  8262.000122070312    4.1385365393313076E-8   
  8272.000122070312    3.4445652452703744E-8   
  8282.000122070312    3.0006487560667715E-8   
  8292.000122070312    1.4017666628641153E-8   
  8302.000122070312    3.15503548060599E-8     
  8312.000122070312    3.4423763415193764E-8   
  8322.000122070312    3.250496422070019E-8    
  8332.000122070312    4.4008836203207725E-8   
  8342.000122070312    4.191686318034509E-8    
  8352.000122070312    3.953724047618022E-8    
  8362.000122070312    1.9385686522894152E-8   
  8372.000122070312    2.065383955757649E-8    
  8382.000122070312    2.1244994184039614E-8   
  8392.000122070312    2.9762151612629063E-8   
  8402.000122070312    2.8882696600555247E-8   
  8412.000122070312    4.6310016881637374E-8   
  8422.000122070312    2.7821801518166035E-8   
  8432.000122070312    2.1580077392315922E-8   
  8442.000122070312    3.0389147177649726E-9   
  8452.000122070312    3.0438304483677985E-9   
  8462.000122070312    1.3609523758047518E-8   
  8472.000122070312    2.6100209694152976E-8   
  8482.000122070312    2.6124919348337222E-8   
  8492.000122070312    3.7214707095092037E-8   
  8502.000122070312    2.478106718635135E-8    
  8512.000122070312    3.422637187264944E-8    
  8522.000122070312    2.9621272751978174E-8   
  8532.000122070312    2.968285507783312E-8    
  8542.000122070312    2.026541108632023E-8    
  8552.000122070312    3.011035828946291E-11   
  8562.000122070312    1.7215873422566158E-8   
  8572.000122070312    1.7251696326398227E-8   
  8582.000122070312    1.7278621844345703E-8   
  8592.000122070312    2.465862633456571E-8    
  8602.000122070312    2.4700488874696193E-8   
  8612.000122070312    4.166784587705225E-8    
  8622.000122070312    2.5932804113968305E-8   
  8632.000122070312    2.9077779576280636E-8   
  8642.000122070312    1.2078901941246096E-8   
  8652.000122070312    3.140930929682939E-9    
  8662.000122070312    1.8105610512167185E-8   
  8672.000122070312    2.196795893759615E-8    
  8682.000122070312    2.1975826257109124E-8   
  8692.000122070312    2.1654582122321044E-8   
  8702.000122070312    3.693089997773996E-8    
  8712.000122070312    9.732885739615307E-8    
  8722.000122070312    1.0878184056173915E-7   
  8732.000122070312    8.965697399727155E-8    
  8742.000122070312    2.9173498493032113E-8   
  8752.000122070312    4.535458960975962E-8    
  8762.000122070312    4.540442011772445E-8    
  8772.000122070312    7.167088414348412E-8    
  8782.000122070312    2.6248480787007546E-8   
  8792.000122070312    7.84562056947937E-8     
  8802.000122070312    5.225541508827249E-8    
  8812.000122070312    1.3715841519801961E-7   
  8822.000122070312    8.481724430850422E-8    
  8832.000122070312    8.485566893366178E-8    
  8842.000122070312    3.105879576716946E-11   
  8852.000122070312    2.453203878250226E-8    
  8862.000122070312    9.396551313769936E-8    
  8872.000122070312    1.3489323675013097E-7   
  8882.000122070312    1.103994520622368E-7    
  8892.000122070312    4.0908586066874965E-8   
  8902.000122070312    7.496474377475237E-8    
  8912.000122070312    7.516108955974495E-8    
  8922.000122070312    7.524631381311998E-8    
  8932.000122070312    3.1415948014317824E-11  
  8942.000122070312    3.146223883211398E-11   
  8952.000122070312    1.7504111389670658E-7   
  8962.000122070312    5.405592686331624E-7    
  8972.000122070312    5.403957249639295E-7    
  8982.000122070312    3.8916954288670455E-7   
  8992.000122070312    4.098989865732732E-8    
  9002.000122070312    7.888115001375565E-8    
  9012.000122070312    6.552737000557413E-8    
  9022.000122070312    7.180804544522665E-8    
  9032.000122070312    3.99845794009316E-8     
  9042.000122070312    6.478077924910054E-8    
  9052.000122070312    5.757780996319036E-8    
  9062.000122070312    5.1609896912594135E-8   
  9072.000122070312    6.580383991275362E-8    
  9082.000122070312    8.470417606590667E-8    
  9092.000122070312    9.485746989765197E-8    
  9102.000122070312    6.52037639270024E-8     
  9112.000122070312    3.106845856714699E-8    
  9122.000122070312    2.5593165930602825E-8   
  9132.000122070312    2.852719172046004E-8    
  9142.000122070312    4.927170848997384E-8    
  9152.000122070312    6.218106527285358E-8    
  9162.000122070312    4.7191615278212984E-8   
  9172.000122070312    4.65920086845524E-8     
  9182.000122070312    2.9164668878153183E-8   
  9192.000122070312    6.888991619966741E-8    
  9202.000122070312    4.758077995985547E-8    
  9212.000122070312    9.296482784513245E-8    
  9222.000122070312    7.00968103068723E-8     
  9232.000122070312    7.00498074876711E-8     
  9242.000122070312    4.1614249641407707E-8   
  9252.000122070312    3.7152364868684735E-8   
  9262.000122070312    5.18696754564577E-8     
  9272.000122070312    4.341991911166881E-8    
  9282.000122070312    5.1908882986457304E-8   
  9292.000122070312    3.721461400991657E-8    
  9302.000122070312    6.185350198952968E-8    
  9312.000122070312    4.8174375690003033E-8   
  9322.000122070312    8.834590466055524E-8    
  9332.000122070312    8.487810069551463E-8    
  9342.000122070312    8.809417573906148E-8    
  9352.000122070312    5.5595008979499733E-8   
  9362.000122070312    2.7682587996923915E-8   
  9372.000122070312    4.256084871733969E-8    
  9382.000122070312    3.653892590343703E-8    
  9392.000122070312    5.771430480111378E-8    
  9402.000122070312    4.0400976816180935E-8   
  9412.000122070312    8.498846592617638E-8    
  9422.000122070312    7.349411844390196E-8    
  9432.000122070312    6.700706047751164E-8    
  9442.000122070312    6.806595738644544E-8    
  9452.000122070312    1.0778314155295609E-7   
  9462.000122070312    1.4023637606439036E-7   
  9472.000122070312    1.6652773158663027E-7   
  9482.000122070312    1.537174122332391E-7    
  9492.000122070312    1.9504947031699448E-7   
  9502.000122070312    1.934476487196986E-7    
  9512.000122070312    2.3903548915239435E-7   
  9522.000122070312    2.6006136293837685E-7   
  9532.000122070312    2.4321300589283203E-7   
  9542.000122070312    2.5082822118805633E-7   
  9552.000122070312    2.578412720016516E-7    
  9562.000122070312    3.403564729248477E-7    
  9572.000122070312    4.1466642824370155E-7   
  9582.000122070312    5.344197286082685E-7    
  9592.000122070312    6.811875741896968E-7    
  9602.000122070312    8.714992353945731E-7    
  9612.000122070312    1.097478026124522E-6    
  9622.000122070312    1.3543682447734837E-6   
  9632.000122070312    1.6246858333384947E-6   
  9642.000122070312    1.8839468813219526E-6   
  9652.000122070312    2.164857560194349E-6    
  9662.000122070312    2.483125195288355E-6    
  9672.000122070312    2.9293373477606044E-6   
  9682.000122070312    3.482328088111028E-6    
  9692.000122070312    4.204461589420317E-6    
  9702.000122070312    5.010320883951652E-6    
  9712.000122070312    5.951847009110338E-6    
  9722.000122070312    6.918937628093557E-6    
  9732.000122070312    7.892126717291735E-6    
  9742.000122070312    8.790486085404836E-6    
  9752.000122070312    9.672608463647353E-6    
  9762.000122070312    1.0575917708647653E-5   
  9772.000122070312    1.167663603877549E-5    
  9782.000122070312    1.3097686470598517E-5   
  9792.000122070312    1.5031135136612504E-5   
  9802.000122070312    1.7634888052709956E-5   
  9812.000122070312    2.114784149905813E-5    
  9822.000122070312    2.5905598438410937E-5   
  9832.000122070312    3.2226642983441094E-5   
  9842.000122070312    4.0386857604303764E-5   
  9852.000122070312    5.0796687228551904E-5   
  9862.000122070312    6.349527551203883E-5    
  9872.000122070312    7.870296783596824E-5    
  9882.000122070312    9.647307262167676E-5    
  9892.000122070312    1.1680645490529873E-4   
  9902.000122070312    1.3991475034335927E-4   
  9912.000122070312    1.6564157446925654E-4   
  9922.000122070312    1.9466778298635255E-4   
  9932.000122070312    2.277983716434522E-4    
  9942.000122070312    2.6643420924594074E-4   
  9952.000122070312    3.1214807299433095E-4   
  9962.000122070312    3.691717321025514E-4    
  9972.000122070312    4.420970489530685E-4    
  9982.000122070312    0.013006907060938815    
  9992.000122070312    0.027075596871287973    
  10002.00012207031    0.04281478558890228     
  10012.000122070312   0.047683199768682266    
  10022.00012207031    0.053474690817811296    
  10032.000122070312   0.05940432511128328     
  10042.00012207031    0.06679103343882545     
  10052.000122070312   0.07495993997850382     
  10062.00012207031    0.08554677781551295     
  10072.000122070312   0.09737473516414474     
  10082.00012207031    0.1108928472732495      
  10092.000122070312   0.12595962012958375     
  10102.00012207031    0.14203861650591398     
  10112.000122070312   0.1597266250244821      
  10122.00012207031    0.1778101270515877      
  10132.000122070312   0.1960570780757992      
  10142.00012207031    0.21232432609376128     
  10152.000122070312   0.2263298744322454      
  10162.00012207031    0.23645974344507487     
  10172.000122070312   0.2436996019386411      
  10182.00012207031    0.2474394685157101      
  10192.000122070312   0.24963041956838006     
  10202.000122070312   0.24979370029837783     
  10212.000122070312   0.2502616661535946      
  10222.000122070312   0.2500790697769206      
  10232.000122070312   0.25011357347493246     
  10241.999511718748   0.24984589523509798     
  10251.99951171875    0.25031432744343207     
  10261.999511718748   0.25075652735173376     
  10271.99951171875    0.2517055085992346      
  10281.999511718748   0.2527471957306088      
  10291.99951171875    0.2538775649306558      
  10301.999511718748   0.25508268334389833     
  10311.99951171875    0.2562752126708014      
  10321.999511718748   0.2586636996830467      
  10331.99951171875    0.2601332799794479      
  10341.99951171875    0.262402237551478       
  10351.99951171875    0.26398841058551953     
  10361.99951171875    0.26562687422285913     
  10371.99951171875    0.2659545681600072      
  10381.99951171875    0.2677056324721298      
  10391.99951171875    0.26927751385408755     
  10401.99951171875    0.2709169355114146      
  10411.99951171875    0.2711626718914244      
  10421.99951171875    0.2718703927801749      
  10431.99951171875    0.271918786535956       
  10441.99951171875    0.27239063370912403     
  10451.99951171875    0.2731656182516664      
  10461.99951171875    0.27409273450421856     
  10471.99951171875    0.27492669379592793     
  10481.99951171875    0.2758979046072059      
  10491.99951171875    0.27649688097197367     
  10501.99951171875    0.2772656466422877      
  10511.99951171875    0.2788087721789947      
  10521.99951171875    0.280158751479246       
  10531.99951171875    0.28086207910197636     
  10541.99951171875    0.2818720383056289      
  10551.99951171875    0.2824274025127879      
  10561.99951171875    0.2824483534995873      
  10571.99951171875    0.2817220845651966      
  10581.99951171875    0.2817343220986361      
  10591.99951171875    0.2816697996493499      
  10601.99951171875    0.28097602550771184     
  10611.99951171875    0.2802400005031427      
  10621.99951171875    0.2793733851433477      
  10631.99951171875    0.2780575684375325      
  10641.99951171875    0.2771504502511273      
  10651.99951171875    0.2760848361099204      
  10661.99951171875    0.2756177867274924      
  10671.99951171875    0.2735285302964734      
  10681.99951171875    0.27212710851622196     
  10691.99951171875    0.27020897856753423     
  10701.99951171875    0.26811590638856164     
  10711.99951171875    0.26650085727191064     
  10721.99951171875    0.2651645215390891      
  10731.99951171875    0.2637765172432808      
  10741.99951171875    0.2617775097374482      
  10751.99951171875    0.26048801809102484     
  10761.99951171875    0.259950011673251       
  10771.99951171875    0.25890991097567895     
  10781.99951171875    0.2587449909478521      
  10791.99951171875    0.25855456666071286     
  10801.99951171875    0.2585479081232982      
  10811.99951171875    0.25884133463305214     
  10821.99951171875    0.25981001919853897     
  10831.99951171875    0.26017533799446674     
  10841.99951171875    0.2610004389602498      
  10851.99951171875    0.26172646242361386     
  10861.99951171875    0.2636376446827484      
  10871.99951171875    0.2647950931257024      
  10881.99951171875    0.2667846975318188      
  10891.99951171875    0.2686922120851667      
  10901.99951171875    0.27133287450801924     
  10911.99951171875    0.27347501904563787     
  10921.99951171875    0.27608362486896837     
  10931.99951171875    0.2784591032427222      
  10941.99951171875    0.28085027430897386     
  10951.99951171875    0.28303853750325314     
  10961.99951171875    0.28488789492593214     
  10971.99951171875    0.2876149466392456      
  10981.99951171875    0.2896552709690452      
  10991.99951171875    0.291704026472674       
  11001.99951171875    0.2925024421629866      
  11011.99951171875    0.2935583178013118      
  11021.99951171875    0.2944588631191748      
  11031.99951171875    0.2956345810820279      
  11041.99951171875    0.2964957760988696      
  11051.99951171875    0.2974223909108822      
  11061.99951171875    0.29747348830223763     
  11071.99951171875    0.29757076861874987     
  11081.99951171875    0.29738148883048454     
  11091.99951171875    0.29680265824023266     
  11101.99951171875    0.29708338174538695     
  11111.99951171875    0.2971430288310007      
  11121.99951171875    0.2974684944835017      
  11131.99951171875    0.2969013576714249      
  11141.99951171875    0.2967922456150362      
  11151.999511718752   0.2966290570299315      
  11161.99951171875    0.29591981992057603     
  11171.999511718752   0.2951694950030421      
  11181.99951171875    0.2945056090234549      
  11191.999511718752   0.29409643352258547     
  11201.99951171875    0.2940665626722385      
  11211.999511718752   0.29317782955313154     
  11221.99951171875    0.29278913706271015     
  11231.999511718752   0.2915731171461267      
  11241.99951171875    0.29186120617100475     
  11251.999511718752   0.2921590733550403      
  11261.99951171875    0.29321285970846434     
  11271.999511718752   0.2936921534345318      
  11281.99951171875    0.2948938520276012      
  11291.999511718752   0.29571473724738684     
  11301.99951171875    0.2971111609484446      
  11311.999511718752   0.2978509800582945      
  11321.99951171875    0.2995034520834451      
  11331.999511718752   0.3004846977612692      
  11341.99951171875    0.3019659347188085      
  11351.999511718752   0.3029312156582586      
  11361.99951171875    0.30416710030655614     
  11371.999511718748   0.30571089642505933     
  11381.99951171875    0.30670539471640423     
  11391.999511718748   0.3080892876360787      
  11401.99951171875    0.30864359154598275     
  11411.999511718748   0.3106897387877446      
  11421.99951171875    0.3128118852241243      
  11431.999511718748   0.31489343926889557     
  11441.99951171875    0.3172262967607635      
  11451.999511718748   0.31935604027391795     
  11461.99951171875    0.32079837548355283     
  11471.999511718748   0.32246680045800746     
  11481.99951171875    0.323978873824173       
  11491.999511718748   0.3261022225818957      
  11501.99951171875    0.3277715988072988      
  11511.999511718748   0.32958781514629415     
  11521.99951171875    0.33158378109847253     
  11531.999511718748   0.33274386993902266     
  11541.99951171875    0.3342140512431906      
  11551.999511718748   0.3360250369761417      
  11561.99951171875    0.33792258893472515     
  11571.999511718748   0.34013841430240255     
  11581.99951171875    0.341633674173092       
  11591.99951171875    0.3440803666909322      
  11601.99951171875    0.3450971635092486      
  11611.99951171875    0.3467785556353905      
  11621.99951171875    0.3478875066322924      
  11631.99951171875    0.34973164809015006     
  11641.99951171875    0.3508851040151656      
  11651.99951171875    0.35182556404660925     
  11661.99951171875    0.3525876107429984      
  11671.99951171875    0.35364080179868207     
  11681.99951171875    0.3542036002073097      
  11691.99951171875    0.3545005802068312      
  11701.99951171875    0.35479698899399564     
  11711.99951171875    0.3550879323211491      
  11721.99951171875    0.3555201625669905      
  11731.99951171875    0.3554767614538198      
  11741.99951171875    0.3558959605442249      
  11751.99951171875    0.35668085421472184     
  11761.99951171875    0.35626276039334914     
  11771.99951171875    0.35667821062817767     
  11781.99951171875    0.3561031033205456      
  11791.99951171875    0.3556882962286455      
  11801.99951171875    0.35516504369121604     
  11811.99951171875    0.3555608227902094      
  11821.99951171875    0.356452923161434       
  11831.99951171875    0.35606885698271384     
  11841.99951171875    0.35558020147184133     
  11851.99951171875    0.3550004293042333      
  11861.99951171875    0.3545570522503814      
  11871.99951171875    0.3532746683618078      
  11881.99951171875    0.35295260088706687     
  11891.99951171875    0.3533794729353126      
  11901.99951171875    0.35412947182234145     
  11911.99951171875    0.3535567758609659      
  11921.99951171875    0.35165313884971217     
  11931.99951171875    0.35125089259856634     
  11941.99951171875    0.35040763053266544     
  11951.99951171875    0.3496562098712105      
  11961.99951171875    0.34851072142170836     
  11971.99951171875    0.3482652141093322      
  11981.99951171875    0.34814133191197516     
  11991.99951171875    0.3480570955797806      
  12001.99951171875    0.3478517972060038      
  12011.99951171875    0.3484416877573675      
  12021.99951171875    0.3485803611446357      
  12031.99951171875    0.3479408606707957      
  12041.99951171875    0.34825038918855966     
  12051.99951171875    0.3481364681666935      
  12061.99951171875    0.34811482169594987     
  12071.99951171875    0.34798765610445714     
  12081.99951171875    0.3479818868963124      
  12091.99951171875    0.3492958590302012      
  12101.99951171875    0.3488688609524989      
  12111.99951171875    0.34947593181418635     
  12121.99951171875    0.34903680675068605     
  12131.99951171875    0.3500355614586529      
  12141.99951171875    0.3500196143125699      
  12151.99951171875    0.3507196992982782      
  12161.99951171875    0.35046836762541234     
  12171.99951171875    0.35067262562162005     
  12181.99951171875    0.3517787909924506      
  12191.99951171875    0.3527028596230859      
  12201.99951171875    0.35376312996241943     
  12211.99951171875    0.35492646024263996     
  12221.99951171875    0.3569146995284185      
  12231.99951171875    0.358572854138304       
  12241.99951171875    0.35966852756797396     
  12251.99951171875    0.36100782416426414     
  12261.99951171875    0.3628731281979759      
  12271.99951171875    0.36487676776685457     
  12281.99951171875    0.36643733258897987     
  12291.99951171875    0.36768461606580005     
  12301.99951171875    0.3694520881948677      
  12311.99951171875    0.37052945386397135     
  12321.99951171875    0.3722973304226893      
  12331.99951171875    0.3728610528761148      
  12341.99951171875    0.3744572558874508      
  12351.99951171875    0.3753147549373876      
  12361.99951171875    0.3762340700143586      
  12371.99951171875    0.3769281084889256      
  12381.99951171875    0.37753878976716093     
  12391.99951171875    0.3777410017952061      
  12401.999511718752   0.3788802441815875      
  12411.99951171875    0.379576547188474       
  12421.999511718752   0.3814157215871343      
  12431.99951171875    0.382109884308504       
  12441.999511718752   0.383525048969169       
  12451.99951171875    0.3844480540209577      
  12461.999511718752   0.38525640090496904     
  12471.99951171875    0.3854057277311336      
  12481.999511718752   0.38605148491614716     
  12491.99951171875    0.3871267834517007      
  12501.999511718752   0.3876875630327521      
  12511.99951171875    0.3891733047642959      
  12521.999511718752   0.390086333715139       
  12531.99951171875    0.39097845523420466     
  12541.999511718752   0.390821152906909       
  12551.99951171875    0.3905628734559871      
  12561.999511718752   0.3907575823266518      
  12571.99951171875    0.39161720484422635     
  12581.999511718752   0.39169014175512173     
  12591.99951171875    0.3921220736031511      
  12601.999511718752   0.3918416826905766      
  12611.99951171875    0.3921661969686959      
  12621.999511718748   0.39224475712771645     
  12631.99951171875    0.39201507868808494     
  12641.999511718748   0.391842396146626       
  12651.99951171875    0.39198173624667126     
  12661.999511718748   0.3910398959786683      
  12671.99951171875    0.3910729868274881      
  12681.999511718748   0.3905289614166697      
  12691.99951171875    0.390181433566666       
  12701.999511718748   0.3878853187630436      
  12711.99951171875    0.3845978478850196      
  12721.999511718748   0.37925050206001476     
  12731.99951171875    0.373197632790353       
  12741.999511718748   0.36403282906744244     
  12751.99951171875    0.35223738257179155     
  12761.999511718748   0.33525901030132876     
  12771.99951171875    0.3149718017908493      
  12781.999511718748   0.29035894017266467     
  12791.99951171875    0.2630724238158635      
  12801.999511718748   0.2340543130755081      
  12811.99951171875    0.20548616528008823     
  12821.999511718748   0.1784130828852477      
  12831.99951171875    0.15418400768156246     
  12841.99951171875    0.13280669565651487     
  12851.99951171875    0.11437672815430058     
  12861.99951171875    0.09793528418616751     
  12871.99951171875    0.0841572756209043      
  12881.99951171875    0.07206755638951234     
  12891.99951171875    0.0625324452201639      
  12901.99951171875    0.05430583130887015     
  12911.99951171875    0.04763940555107718     
  12921.99951171875    0.041609846311067074    
  12931.99951171875    0.03688596844306051     
  12941.99951171875    0.03257048636507336     
  12951.99951171875    0.02904117294691337     
  12961.99951171875    0.025423962394404993    
  12971.99951171875    0.02186521393010707     
  12981.99951171875    0.018212517517351645    
  12991.99951171875    0.014937895751203916    
  13001.99951171875    0.012174472369998659    
  13011.99951171875    0.00986614446007902     
  13021.99951171875    0.007998530742654318    
  13031.99951171875    0.0064838308929646826   
  13041.99951171875    0.005287627218898411    
  13051.99951171875    0.004306474665394961    
  13061.99951171875    0.003511599442173944    
  13071.99951171875    0.002872801740638974    
  13081.99951171875    0.0023675498364092015   
  13091.99951171875    0.0019650981524055333   
  13101.99951171875    0.001636825780768141    
  13111.99951171875    0.0013670866648189267   
  13121.99951171875    0.0011464360512104762   
  13131.99951171875    9.689618313360343E-4    
  13141.99951171875    8.187604569194475E-4    
  13151.99951171875    6.946823103756105E-4    
  13161.99951171875    5.900083713206355E-4    
  13171.99951171875    5.036281943195123E-4    
  13181.99951171875    4.3142335806231364E-4   
  13191.99951171875    3.703281987189542E-4    
  13201.99951171875    3.1818985711957873E-4   
  13211.99951171875    2.7516583073125355E-4   
  13221.99951171875    2.3896055914672396E-4   
  13231.99951171875    2.086680604597981E-4    
  13241.99951171875    1.8219334755162955E-4   
  13251.99951171875    1.5900164720244924E-4   
  13261.99951171875    1.398111604181221E-4    
  13271.99951171875    1.2297856265523272E-4   
  13281.99951171875    1.0865492211277418E-4   
  13291.99951171875    9.525992423916699E-5    
  13301.99951171875    8.48132423088205E-5     
  13311.99951171875    7.543877611916777E-5    
  13321.99951171875    6.752991351503698E-5    
  13331.99951171875    6.023052575197498E-5    
  13341.99951171875    5.4153228906474364E-5   
  13351.99951171875    4.844871218839388E-5    
  13361.99951171875    4.355437337264437E-5    
  13371.99951171875    3.929623990446134E-5    
  13381.99951171875    3.5579336383195996E-5   
  13391.99951171875    3.2227392446119115E-5   
  13401.99951171875    2.930194404023135E-5    
  13411.99951171875    2.6865391988600448E-5   
  13421.99951171875    2.4746357902344016E-5   
  13431.99951171875    2.285323824564309E-5    
  13441.99951171875    2.123148258387518E-5    
  13451.99951171875    1.9421075893356252E-5   
  13461.99951171875    1.760307408848404E-5    
  13471.99951171875    1.6377244604299552E-5   
  13481.99951171875    1.5122776123614397E-5   
  13491.99951171875    1.3820579777923346E-5   
  13501.99951171875    1.2499306288350851E-5   
  13511.99951171875    1.184273004849556E-5    
  13521.99951171875    1.0981676587429592E-5   
  13531.99951171875    1.0389747348730483E-5   
  13541.99951171875    9.185509854017832E-6    
  13551.99951171875    9.044301533519452E-6    
  13561.99951171875    8.370504532530286E-6    
  13571.99951171875    8.016082644578437E-6    
  13581.99951171875    7.566660440905993E-6    
  13591.99951171875    6.818204302879196E-6    
  13601.99951171875    6.315211478122157E-6    
  13611.99951171875    5.91762125368723E-6     
  13621.99951171875    5.697982412508348E-6    
  13631.99951171875    5.808903805643783E-6    
  13641.99951171875    5.164966333009472E-6    
  13651.999511718752   5.312756326655441E-6    
  13661.99951171875    4.614961895364399E-6    
  13671.999511718752   4.663114928377436E-6    
  13681.99951171875    4.651708200609969E-6    
  13691.999511718752   4.990428343692899E-6    
  13701.99951171875    4.693255169393651E-6    
  13711.999511718752   4.545365969481108E-6    
  13721.99951171875    4.892284567438486E-6    
  13731.999511718752   4.696421372558787E-6    
  13741.99951171875    4.551722675924868E-6    
  13751.999511718752   3.5449152089254003E-6   
  13761.99951171875    4.0559336478861965E-6   
  13771.999511718752   3.981284843344821E-6    
  13781.99951171875    4.437448800827182E-6    
  13791.999511718752   4.1000924809263285E-6   
  13801.99951171875    3.5840611094546563E-6   
  13811.999511718752   3.858410485723367E-6    
  13821.99951171875    3.850939338501578E-6    
  13831.999511718752   4.072006429314208E-6    
  13841.99951171875    3.6336930321827564E-6   
  13851.999511718752   3.635006529237539E-6    
  13861.99951171875    3.529143671578616E-6    
  13871.999511718748   3.3883821690133696E-6   
  13881.99951171875    3.1300476714426454E-6   
  13891.999511718748   2.8765764107639385E-6   
  13901.99951171875    2.818955122790233E-6    
  13911.999511718748   3.0191728441735545E-6   
  13921.99951171875    3.170637953354764E-6    
  13931.999511718748   3.001887840191543E-6    
  13941.99951171875    3.0232201140083183E-6   
  13951.999511718748   2.9412488858753138E-6   
  13961.99951171875    2.470248395191052E-6    
  13971.999511718748   2.3940934496705887E-6   
  13981.99951171875    2.5695209809390648E-6   
  13991.999511718748   3.022297319351717E-6    
  14001.99951171875    3.073466944861521E-6    
  14011.999511718748   3.1263251034433465E-6   
  14021.99951171875    3.0932299916004603E-6   
  14031.999511718748   3.2846363501445045E-6   
  14041.99951171875    3.064177835599041E-6    
  14051.999511718748   3.157539106749725E-6    
  14061.99951171875    2.7551826685706102E-6   
  14071.999511718748   2.682968378635623E-6    
  14081.99951171875    2.735721856630974E-6    
  14091.99951171875    2.9637415086137113E-6   
  14101.99951171875    2.9844742922715015E-6   
  14111.99951171875    3.0360923444838064E-6   
  14121.99951171875    3.0584305658146865E-6   
  14131.99951171875    3.337818413464043E-6    
  14141.99951171875    3.3813638302098675E-6   
  14151.99951171875    3.423941806923772E-6    
  14161.99951171875    3.117371198553724E-6    
  14171.99951171875    3.003065533917768E-6    
  14181.99951171875    3.2102407004712853E-6   
  14191.99951171875    3.38995785184844E-6     
  14201.99951171875    3.3613912034806786E-6   
  14211.99951171875    2.984692549149551E-6    
  14221.99951171875    3.245985840580724E-6    
  14231.99951171875    3.3434525459930516E-6   
  14241.99951171875    3.1266897748620615E-6   
  14251.99951171875    2.894266935294702E-6    
  14261.99951171875    2.5237754726919178E-6   
  14271.99951171875    2.805921923526262E-6    
  14281.99951171875    2.8721175667196523E-6   
  14291.99951171875    3.039404313168672E-6    
  14301.99951171875    2.878300337919013E-6    
  14311.99951171875    3.223354507841996E-6    
  14321.99951171875    3.4020173023499373E-6   
  14331.99951171875    3.3198819433803013E-6   
  14341.99951171875    3.0616611441148597E-6   
  14351.99951171875    2.7689385156157014E-6   
  14361.99951171875    3.059635596517507E-6    
  14371.99951171875    2.7117823258386848E-6   
  14381.99951171875    3.064254522396422E-6    
  14391.99951171875    2.625580718679131E-6    
  14401.99951171875    2.81905928793169E-6     
  14411.99951171875    2.503043633920962E-6    
  14421.99951171875    3.1557427065503205E-6   
  14431.99951171875    2.9443465346148336E-6   
  14441.99951171875    3.139487732433449E-6    
  14451.99951171875    2.652219330042815E-6    
  14461.99951171875    2.6731597468948356E-6   
  14471.99951171875    2.5434553250926628E-6   
  14481.99951171875    2.716637375509285E-6    
  14491.99951171875    2.3478506233093044E-6   
  14501.99951171875    2.177641730997564E-6    
  14511.99951171875    2.1573698272551676E-6   
  14521.99951171875    2.412898439224319E-6    
  14531.99951171875    2.8421535319112386E-6   
  14541.99951171875    2.49115873997483E-6     
  14551.99951171875    2.445242451639132E-6    
  14561.99951171875    2.3642846044521987E-6   
  14571.99951171875    2.6366643119302263E-6   
  14581.99951171875    2.581689330528377E-6    
  14591.99951171875    2.5225547038045508E-6   
  14601.99951171875    2.507741169195426E-6    
  14611.99951171875    2.4464924546949704E-6   
  14621.99951171875    2.6097708268667204E-6   
  14631.99951171875    2.3620077552269573E-6   
  14641.99951171875    2.7237088489525197E-6   
  14651.99951171875    2.81052043669267E-6     
  14661.99951171875    2.7528476729238837E-6   
  14671.99951171875    2.7192355705006886E-6   
  14681.99951171875    2.3233577619650514E-6   
  14691.99951171875    2.4412021205211765E-6   
  14701.99951171875    2.246699223379799E-6    
  14711.99951171875    2.34835860570217E-6     
  14721.99951171875    2.609187612471754E-6    
  14731.99951171875    2.9034584556936387E-6   
  14741.99951171875    2.202609139055505E-6    
  14751.99951171875    2.534561245125943E-6    
  14761.99951171875    2.1418227966742396E-6   
  14771.99951171875    2.4193849685827762E-6   
  14781.99951171875    2.0055041384688417E-6   
  14791.99951171875    2.261535107054576E-6    
  14801.99951171875    2.381545343973031E-6    
  14811.99951171875    1.931214909570642E-6    
  14821.99951171875    2.209785096368083E-6    
  14831.99951171875    2.0865279878091886E-6   
  14841.99951171875    2.491925384319035E-6    
  14851.99951171875    2.1106806827787888E-6   
  14861.99951171875    2.401671935136627E-6    
  14871.99951171875    1.9164337494081355E-6   
  14881.99951171875    2.1450970036219782E-6   
  14891.99951171875    2.1260563137533677E-6   
  14901.999511718752   2.5315878852643383E-6   
  14911.99951171875    2.218518788857578E-6    
  14921.999511718752   2.3922398771552902E-6   
  14931.99951171875    2.228917979074423E-6    
  14941.999511718752   2.082697879428183E-6    
  14951.99951171875    2.1231941058480028E-6   
  14961.999511718752   2.621577631821962E-6    
  14971.99951171875    2.9537386044982977E-6   
  14981.999511718752   2.7568964237027795E-6   
  14991.99951171875    2.6836095092208927E-6   
  15001.999511718752   3.116146012235583E-6    
  15011.99951171875    3.0399504782553066E-6   
  15021.999511718752   3.3773700832877643E-6   
  15031.99951171875    3.177299665401172E-6    
  15041.999511718752   2.9449997221966893E-6   
  15051.99951171875    2.5096775390611632E-6   
  15061.999511718752   2.551358099174867E-6    
  15071.99951171875    3.2332246892236556E-6   
  15081.999511718752   3.5190723406014564E-6   
  15091.99951171875    3.373171043801976E-6    
  15101.999511718752   2.8779733623954114E-6   
  15111.99951171875    2.732195842893035E-6    
  15121.999511718748   2.701348481869623E-6    
  15131.99951171875    3.0255780814620987E-6   
  15141.999511718748   2.8719337103171275E-6   
  15151.99951171875    3.2597915494885456E-6   
  15161.999511718748   2.8703269814398555E-6   
  15171.99951171875    2.9092411096233887E-6   
  15181.999511718748   2.695245900058486E-6    
  15191.99951171875    2.9239961783754742E-6   
  15201.999511718748   2.8694103382804467E-6   
  15211.99951171875    2.901904874006776E-6    
  15221.999511718748   2.9571679476954853E-6   
  15231.99951171875    2.667938899491941E-6    
  15241.999511718748   2.782392968465568E-6    
  15251.99951171875    2.8659716084153313E-6   
  15261.999511718748   3.3213215015164206E-6   
  15271.99951171875    2.9917193447473066E-6   
  15281.999511718748   3.635044081807595E-6    
  15291.99951171875    3.479511794349268E-6    
  15301.999511718748   4.197646561888907E-6    
  15311.99951171875    3.449214440627171E-6    
  15321.999511718748   3.354263331480931E-6    
  15331.99951171875    3.0769989175202495E-6   
  15341.99951171875    3.4006632328101814E-6   
  15351.99951171875    3.566353865588717E-6    
  15361.99951171875    3.2956895758600934E-6   
  15371.99951171875    3.09137148376615E-6     
  15381.99951171875    3.407697423561409E-6    
  15391.99951171875    3.2430055188027797E-6   
  15401.99951171875    3.203327402841867E-6    
  15411.99951171875    2.9299833618910507E-6   
  15421.99951171875    2.638140649226194E-6    
  15431.99951171875    2.7121106516281914E-6   
  15441.99951171875    2.736390107774921E-6    
  15451.99951171875    3.1116166658128287E-6   
  15461.99951171875    3.3059245883767838E-6   
  15471.99951171875    3.34464818357566E-6     
  15481.99951171875    3.1154988811444345E-6   
  15491.99951171875    3.3265049056375826E-6   
  15501.99951171875    3.072339034386764E-6    
  15511.99951171875    3.3769957556900997E-6   
  15521.99951171875    3.144155339016082E-6    
  15531.99951171875    3.108919354026781E-6    
  15541.99951171875    3.0148379193529666E-6   
  15551.99951171875    2.4062051689851036E-6   
  15561.99951171875    2.4528571431732304E-6   
  15571.99951171875    2.8948903349357998E-6   
  15581.99951171875    3.5335593017239015E-6   
  15591.99951171875    3.5289577024389355E-6   
  15601.99951171875    3.0878414285326116E-6   
  15611.99951171875    2.911653127801534E-6    
  15621.99951171875    3.1301706477614835E-6   
  15631.99951171875    3.4411369951671573E-6   
  15641.99951171875    3.4358367232896756E-6   
  15651.99951171875    3.037673133823936E-6    
  15661.99951171875    2.998413229744037E-6    
  15671.99951171875    3.1678116514211558E-6   
  15681.99951171875    3.4490392655738834E-6   
  15691.99951171875    3.073479544563337E-6    
  15701.99951171875    2.3213071975672807E-6   
  15711.99951171875    2.4899589861330303E-6   
  15721.99951171875    2.3332110101256314E-6   
  15731.99951171875    2.799117635992217E-6    
  15741.99951171875    2.7947378443781106E-6   
  15751.99951171875    3.141830159386539E-6    
  15761.99951171875    3.56422475725812E-6     
  15771.99951171875    3.16320770291615E-6     
  15781.99951171875    3.077968993768654E-6    
  15791.99951171875    2.4877457775576766E-6   
  15801.99951171875    3.233469836209317E-6    
  15811.99951171875    3.3072360792617658E-6   
  15821.99951171875    3.7768048376941063E-6   
  15831.99951171875    3.569359906104968E-6    
  15841.99951171875    3.715646307246458E-6    
  15851.99951171875    3.4890454428758827E-6   
  15861.99951171875    3.0839104603563134E-6   
  15871.99951171875    3.0719268433413647E-6   
  15881.99951171875    3.1714338222625962E-6   
  15891.99951171875    3.3252215097207335E-6   
  15901.99951171875    3.100575336555138E-6    
  15911.99951171875    3.1428585637883032E-6   
  15921.99951171875    3.248506451526768E-6    
  15931.99951171875    2.8500172960627845E-6   
  15941.99951171875    3.4037339549490287E-6   
  15951.99951171875    3.444077113039765E-6    
  15961.99951171875    4.1752982178832625E-6   
  15971.99951171875    3.66550730760812E-6     
  15981.99951171875    3.4186590026898255E-6   
  15991.99951171875    2.830015737234937E-6    
  16001.99951171875    2.6686783389425685E-6   
  16011.99951171875    3.1896870785066693E-6   
  16021.99951171875    3.4287413749503585E-6   
  16031.99951171875    3.8137743954572256E-6   
  16041.99951171875    3.979626461838682E-6    
  16051.99951171875    4.2391914037800795E-6   
  16061.99951171875    3.6707588276898646E-6   
  16071.99951171875    3.0336704848196386E-6   
  16081.99951171875    3.3032909802663598E-6   
  16091.99951171875    3.733541852346345E-6    
  16101.99951171875    3.565398269402657E-6    
  16111.99951171875    3.1711700630606757E-6   
  16121.99951171875    3.250622361392735E-6    
  16131.99951171875    3.983736053435154E-6    
  16141.99951171875    4.145175853059154E-6    
  16151.999511718752   3.4158904762424907E-6   
  16161.99951171875    2.8780425091430157E-6   
  16171.999511718752   2.935652395302565E-6    
  16181.99951171875    3.4405783470455243E-6   
  16191.999511718752   4.066437215638888E-6    
  16201.99951171875    3.7305212197949393E-6   
  16211.999511718752   3.5442707597027206E-6   
  16221.99951171875    2.7302535589903554E-6   
  16231.999511718752   3.038387657424881E-6    
  16241.99951171875    3.446525677997279E-6    
  16251.999511718752   3.42830054601855E-6     
  16261.99951171875    3.4584511807415608E-6   
  16271.999511718752   3.527400445570541E-6    
  16281.99951171875    3.994917267554878E-6    
  16291.999511718752   3.87336504743427E-6     
  16301.99951171875    4.05029852394449E-6     
  16311.999511718752   4.582264489052102E-6    
  16321.99951171875    3.715791019049292E-6    
  16331.999511718752   3.3296320679363105E-6   
  16341.99951171875    2.6510781550613654E-6   
  16351.999511718752   3.574779683359722E-6    
  16361.99951171875    2.9442704585797844E-6   
  16371.999511718748   3.0136556864725377E-6   
  16381.99951171875    2.798834416030969E-6    
  16391.99951171875    4.204394035154781E-6    
  16401.99951171875    4.09969197111409E-6     
  16411.99951171875    4.002566309224015E-6    
  16421.99951171875    3.3305434480542107E-6   
  16431.99951171875    3.4005734625922757E-6   
  16441.99951171875    3.857707182145985E-6    
  16451.99951171875    3.6757085031279404E-6   
  16461.99951171875    3.3722156672287195E-6   
  16471.99951171875    2.8194672245170674E-6   
  16481.99951171875    3.063288076561755E-6    
  16491.99951171875    2.87569616233055E-6     
  16501.99951171875    3.6653205921057E-6      
  16511.99951171875    3.60675530826338E-6     
  16521.99951171875    3.7085678105643512E-6   
  16531.99951171875    2.9460144413572404E-6   
  16541.99951171875    3.0696237996381943E-6   
  16551.99951171875    3.319736107744213E-6    
  16561.99951171875    3.7262398403131507E-6   
  16571.99951171875    3.513299014849518E-6    
  16581.99951171875    4.006494426455754E-6    
  16591.99951171875    3.673823160001663E-6    
  16601.99951171875    3.2203000571294012E-6   
  16611.99951171875    2.5994552401262415E-6   
  16621.99951171875    3.822306430724016E-6    
  16631.99951171875    4.0246962494115174E-6   
  16641.99951171875    4.441688774638043E-6    
  16651.99951171875    2.8426407206753343E-6   
  16661.99951171875    3.1928123403601627E-6   
  16671.99951171875    3.5587218834664756E-6   
  16681.99951171875    4.872663953873346E-6    
  16691.99951171875    4.564208076655714E-6    
  16701.99951171875    4.592380208925621E-6    
  16711.99951171875    3.250065359010072E-6    
  16721.99951171875    4.158104464748177E-6    
  16731.99951171875    3.5009938966969712E-6   
  16741.99951171875    3.820042188847779E-6    
  16751.99951171875    3.2599831175272634E-6   
  16761.99951171875    3.5285739182991314E-6   
  16771.99951171875    3.600358077210047E-6    
  16781.99951171875    3.525889768865874E-6    
  16791.99951171875    4.002993154828852E-6    
  16801.99951171875    3.562098280504824E-6    
  16811.99951171875    2.907274988285873E-6    
  16821.99951171875    1.9820143422633446E-6   
  16831.99951171875    2.4639996810134408E-6   
  16841.99951171875    2.9146866874069764E-6   
  16851.99951171875    3.373376697257902E-6    
  16861.99951171875    4.111127300383528E-6    
  16871.99951171875    3.961511606946045E-6    
  16881.99951171875    2.9605243080005065E-6   
  16891.99951171875    2.7194333207324924E-6   
  16901.99951171875    2.8020207451756105E-6   
  16911.99951171875    3.1190771998913932E-6   
  16921.99951171875    2.970344267343398E-6    
  16931.99951171875    2.768080123675041E-6    
  16941.99951171875    3.80582830774747E-6     
  16951.99951171875    3.864041923022999E-6    
  16961.99951171875    4.485526098144171E-6    
  16971.99951171875    4.1227024546880476E-6   
  16981.99951171875    3.920959724971648E-6    
  16991.99951171875    3.331088974604754E-6    
  17001.99951171875    3.3750710946536177E-6   
  17011.99951171875    3.615758114882461E-6    
  17021.99951171875    3.3389311460258362E-6   
  17031.99951171875    2.6776767700939995E-6   
  17041.99951171875    2.6994876359118067E-6   
  17051.99951171875    3.027137585431319E-6    
  17061.99951171875    2.661923654057782E-6    
  17071.99951171875    2.531242587101111E-6    
  17081.99951171875    3.146264296794655E-6    
  17091.99951171875    3.5147377996802733E-6   
  17101.99951171875    4.3410297875743775E-6   
  17111.99951171875    3.6111489702672563E-6   
  17121.99951171875    4.336061533266216E-6    
  17131.99951171875    2.9966297911282285E-6   
  17141.99951171875    2.9828719712700696E-6   
  17151.99951171875    2.3858780855745546E-6   
  17161.99951171875    3.35160008730946E-6     
  17171.99951171875    3.314766673227843E-6    
  17181.99951171875    3.5279326561869563E-6   
  17191.99951171875    3.281505145800724E-6    
  17201.99951171875    5.050937139765377E-6    
  17211.99951171875    4.591732164137622E-6    
  17221.99951171875    4.8956831947527304E-6   
  17231.99951171875    3.150580432780874E-6    
  17241.99951171875    4.161252801879359E-6    
  17251.99951171875    3.48490864364307E-6     
  17261.99951171875    4.6263787222156275E-6   
  17271.99951171875    4.494758142383348E-6    
  17281.99951171875    4.822279647669568E-6    
  17291.99951171875    4.217085458133433E-6    
  17301.99951171875    3.918112453607821E-6    
  17311.99951171875    4.292694151560315E-6    
  17321.99951171875    4.482674838509417E-6    
  17331.99951171875    4.084072462510878E-6    
  17341.99951171875    3.8878254070938655E-6   
  17351.99951171875    3.7550499064868843E-6   
  17361.99951171875    4.322695443620384E-6    
  17371.99951171875    3.5425697535334466E-6   
  17381.99951171875    3.878211000026888E-6    
  17391.99951171875    3.6956408721604736E-6   
  17401.99951171875    3.927231731641376E-6    
  17411.99951171875    3.56784769966438E-6     
  17421.99951171875    3.4268634129386053E-6   
  17431.99951171875    3.3352070163131814E-6   
  17441.99951171875    3.0232847741467344E-6   
  17451.99951171875    3.604728510621378E-6    
  17461.99951171875    5.019757928849487E-6    
  17471.99951171875    4.423234332880366E-6    
  17481.99951171875    4.085500035384416E-6    
  17491.99951171875    3.033287154925704E-6    
  17501.99951171875    3.7258603323051935E-6   
  17511.99951171875    4.331149950250124E-6    
  17521.99951171875    3.4311561756435267E-6   
  17531.99951171875    3.64381234537349E-6     
  17541.99951171875    3.3549787293355456E-6   
  17551.99951171875    3.753609465072495E-6    
  17561.99951171875    3.1778727551744804E-6   
  17571.99951171875    3.062676609000115E-6    
  17581.99951171875    3.2706068159141526E-6   
  17591.99951171875    4.231624041333095E-6    
  17601.99951171875    3.629668845506601E-6    
  17611.99951171875    4.230662399645795E-6    
  17621.99951171875    3.3043396630360364E-6   
  17631.99951171875    3.828699484675593E-6    
  17641.99951171875    3.5868828291972636E-6   
  17651.99951171875    4.322535828192035E-6    
  17661.99951171875    3.291723671939855E-6    
  17671.99951171875    3.027117669455491E-6    
  17681.99951171875    3.978534566374381E-6    
  17691.99951171875    5.370448118273328E-6    
  17701.99951171875    5.2380318365387015E-6   
  17711.99951171875    3.918942254141321E-6    
  17721.99951171875    3.6317665032842615E-6   
  17731.99951171875    3.928470928532073E-6    
  17741.99951171875    4.286177090279439E-6    
  17751.99951171875    3.5352294909994304E-6   
  17761.99951171875    3.4304850707841914E-6   
  17771.99951171875    3.259455252754945E-6    
  17781.99951171875    3.791440231066853E-6    
  17791.99951171875    4.5343814743314005E-6   
  17801.99951171875    4.914379390039554E-6    
  17811.99951171875    5.18351135419576E-6     
  17821.99951171875    4.490734906922688E-6    
  17831.99951171875    4.122620310611981E-6    
  17841.99951171875    4.71023322102621E-6     
  17851.99951171875    4.427098619139925E-6    
  17861.99951171875    4.758729288429145E-6    
  17871.99951171875    4.1670096755669765E-6   
  17881.99951171875    5.040705765355667E-6    
  17891.99951171875    5.438509754071203E-6    
  17901.99951171875    5.32033224688794E-6     
  17911.99951171875    5.256144401006845E-6    
  17921.99951171875    4.8969617046272904E-6   
  17931.99951171875    4.54314021854016E-6     
  17941.99951171875    4.760326024033143E-6    
  17951.99951171875    4.4083317245665415E-6   
  17961.99951171875    4.978911527469543E-6    
  17971.99951171875    5.195164790606111E-6    
  17981.99951171875    5.1819852875875954E-6   
  17991.99951171875    4.879256473096124E-6    
  18001.99951171875    3.3324511377912532E-6   
  18011.99951171875    4.096627676712971E-6    
  18021.99951171875    3.828597288788747E-6    
  18031.99951171875    5.629453242940389E-6    
  18041.99951171875    4.649869425212582E-6    
  18051.99951171875    5.447660762455165E-6    
  18061.99951171875    3.950414725442664E-6    
  18071.99951171875    4.786277220960376E-6    
  18081.99951171875    4.563634079526812E-6    
  18091.99951171875    5.391234752172433E-6    
  18101.99951171875    6.118506569026826E-6    
  18111.99951171875    5.632284146148396E-6    
  18121.99951171875    4.630202689335462E-6    
  18131.99951171875    3.972295167974073E-6    
  18141.99951171875    5.627781407628261E-6    
  18151.99951171875    6.955853299210153E-6    
  18161.99951171875    5.781370803827272E-6    
  18171.99951171875    4.733334638967277E-6    
  18181.99951171875    5.00656242824544E-6     
  18191.99951171875    6.810164005022166E-6    
  18201.99951171875    6.752553160971591E-6    
  18211.99951171875    5.547703592236007E-6    
  18221.99951171875    5.500465290706785E-6    
  18231.99951171875    4.620857830945601E-6    
  18241.99951171875    5.4610779014925525E-6   
  18251.99951171875    4.752571944727426E-6    
  18261.99951171875    5.970900698220103E-6    
  18271.99951171875    4.8780918116762965E-6   
  18281.99951171875    3.923245299381811E-6    
  18291.99951171875    4.300367154568338E-6    
  18301.99951171875    4.95009431922396E-6     
  18311.99951171875    5.284175672945182E-6    
  18321.99951171875    4.960331552575066E-6    
  18331.99951171875    5.748588517930364E-6    
  18341.99951171875    5.648555602722746E-6    
  18351.99951171875    5.690494138494714E-6    
  18361.99951171875    4.98307838944263E-6     
  18371.99951171875    5.947464619437639E-6    
  18381.99951171875    6.032234287248264E-6    
  18391.99951171875    5.502215666991975E-6    
  18401.99951171875    5.083097611099717E-6    
  18411.99951171875    3.7243509596100517E-6   
  18421.99951171875    5.585270716254726E-6    
  18431.99951171875    5.69068326499803E-6     
  18441.99951171875    7.582583325301737E-6    
  18451.99951171875    5.063557434541359E-6    
  18461.99951171875    6.300134316579012E-6    
  18471.99951171875    6.4786068110168665E-6   
  18481.99951171875    8.664685025922243E-6    
  18491.99951171875    6.910184284133231E-6    
  18501.99951171875    6.649943153320703E-6    
  18511.99951171875    5.8173864029052715E-6   
  18521.99951171875    8.201582602758695E-6    
  18531.99951171875    6.942348099945653E-6    
  18541.99951171875    9.40532364304529E-6     
  18551.99951171875    7.087565623125689E-6    
  18561.99951171875    8.636165401190021E-6    
  18571.99951171875    5.205523174965613E-6    
  18581.99951171875    7.543056356910952E-6    
  18591.99951171875    6.543647660357648E-6    
  18601.99951171875    7.723647006402787E-6    
  18611.99951171875    5.705593029929632E-6    
  18621.99951171875    5.5935725469221125E-6   
  18631.99951171875    6.632527389119245E-6    
  18641.99951171875    6.55289832410823E-6     
  18651.99951171875    5.70654395194431E-6     
  18661.99951171875    4.731507089850127E-6    
  18671.99951171875    6.359522957407951E-6    
  18681.99951171875    7.793781075418051E-6    
  18691.99951171875    6.770007968903298E-6    
  18701.99951171875    5.984050387229776E-6    
  18711.99951171875    5.4891838092019554E-6   
  18721.99951171875    5.8828961015328246E-6   
  18731.99951171875    6.7224167678948324E-6   
  18741.99951171875    6.684125356035528E-6    
  18751.99951171875    8.716249947788547E-6    
  18761.99951171875    7.878795531325173E-6    
  18771.99951171875    9.26107727331067E-6     
  18781.99951171875    7.2683096152197E-6      
  18791.99951171875    8.67081920252423E-6     
  18801.99951171875    5.9314778095277915E-6   
  18811.99951171875    6.391179076189556E-6    
  18821.99951171875    5.171463858104547E-6    
  18831.99951171875    6.678633139752204E-6    
  18841.99951171875    7.2785415290017475E-6   
  18851.99951171875    5.82109886625083E-6     
  18861.99951171875    6.297456805364757E-6    
  18871.99951171875    6.702938554004607E-6    
  18881.99951171875    6.556628411104043E-6    
  18891.99951171875    5.446722888481773E-6    
  18901.99951171875    6.113152837147758E-6    
  18911.99951171875    6.1197331710941166E-6   
  18921.99951171875    6.8119546776237356E-6   
  18931.99951171875    6.316388989287531E-6    
  18941.99951171875    6.963369260325962E-6    
  18951.99951171875    7.842728596479767E-6    
  18961.99951171875    6.859630273022126E-6    
  18971.99951171875    6.387842762392846E-6    
  18981.99951171875    6.2287631274793725E-6   
  18991.99951171875    6.522011881970146E-6    
  19001.99951171875    8.712894461092057E-6    
  19011.99951171875    6.2082373333621124E-6   
  19021.99951171875    8.110494628302714E-6    
  19031.99951171875    6.607534085304351E-6    
  19041.99951171875    8.164672720268507E-6    
  19051.99951171875    5.747661805179375E-6    
  19061.99951171875    6.3777908767234336E-6   
  19071.99951171875    7.206693159706986E-6    
  19081.99951171875    8.503460073082866E-6    
  19091.99951171875    8.227347034761104E-6    
  19101.99951171875    7.848468815176848E-6    
  19111.99951171875    6.189258428009851E-6    
  19121.99951171875    6.769190942646672E-6    
  19131.99951171875    7.374685444334303E-6    
  19141.99951171875    8.290721943695313E-6    
  19151.99951171875    7.206034745254835E-6    
  19161.99951171875    4.731585955315867E-6    
  19171.99951171875    4.3054804420246975E-6   
  19181.99951171875    5.602768483653072E-6    
  19191.99951171875    8.995393879728293E-6    
  19201.99951171875    9.259621712702046E-6    
  19211.99951171875    7.595828557216468E-6    
  19221.99951171875    8.043117462817031E-6    
  19231.99951171875    8.555595161994766E-6    
  19241.99951171875    9.464896932862839E-6    
  19251.99951171875    6.441751584612739E-6    
  19261.99951171875    5.199093286149484E-6    
  19271.99951171875    3.499430708352524E-6    
  19281.99951171875    5.800854374948227E-6    
  19291.99951171875    5.515284820766604E-6    
  19301.99951171875    6.2792300904839316E-6   
  19311.99951171875    6.565315446145191E-6    
  19321.99951171875    7.6021297491317634E-6   
  19331.99951171875    8.812880783033445E-6    
  19341.99951171875    6.785105926282718E-6    
  19351.99951171875    6.521538703080271E-6    
  19361.99951171875    5.259427670702513E-6    
  19371.99951171875    6.240796575511705E-6    
  19381.99951171875    5.4865508175070465E-6   
  19391.99951171875    7.62003353774083E-6     
  19401.99951171875    7.399809281447549E-6    
  19411.99951171875    7.43157368973901E-6     
  19421.99951171875    6.200960550733537E-6    
  19431.99951171875    7.074884842395627E-6    
  19441.99951171875    7.099414583748626E-6    
  19451.99951171875    7.712419185505336E-6    
  19461.99951171875    6.536348895697044E-6    
  19471.99951171875    7.073701248367779E-6    
  19481.99951171875    6.106621701748669E-6    
  19491.99951171875    5.378243145752557E-6    
  19501.99951171875    5.517720287178577E-6    
  19511.99951171875    5.839329285174256E-6    
  19521.99951171875    8.02521157194108E-6     
  19531.99951171875    7.354891673723062E-6    
  19541.99951171875    8.571269676694858E-6    
  19551.99951171875    7.919418941179895E-6    
  19561.99951171875    7.708592171646017E-6    
  19571.99951171875    7.099602331122792E-6    
  19581.99951171875    7.151291849780188E-6    
  19591.99951171875    8.895796658616803E-6    
  19601.99951171875    8.744801777272788E-6    
  19611.99951171875    7.535981118963703E-6    
  19621.99951171875    6.48910139793439E-6     
  19631.99951171875    7.825865294742334E-6    
  19641.99951171875    7.906634834309468E-6    
  19651.99951171875    1.0720400780175515E-5   
  19661.99951171875    9.82473725073019E-6     
  19671.99951171875    9.16870456724243E-6     
  19681.99951171875    7.479907538317709E-6    
  19691.99951171875    8.229327444740935E-6    
  19701.99951171875    8.322322006055943E-6    
  19711.99951171875    7.858860499356826E-6    
  19721.99951171875    8.855638409223615E-6    
  19731.99951171875    8.753991001206195E-6    
  19741.99951171875    8.042851459916176E-6    
  19751.99951171875    6.831415484673228E-6    
  19761.99951171875    7.5492611435052755E-6   
  19771.99951171875    8.116230283966146E-6    
  19781.99951171875    7.503314108979218E-6    
  19791.99951171875    7.524927308227104E-6    
  19801.99951171875    8.46213635333895E-6     
  19811.99951171875    8.145761842821797E-6    
  19821.99951171875    9.242278245671408E-6    
  19831.99951171875    8.569374737443035E-6    
  19841.99951171875    8.489758317979675E-6    
  19851.99951171875    8.500970110575886E-6    
  19861.99951171875    7.991942936497697E-6    
  19871.99951171875    7.5031583620455974E-6   
  19881.99951171875    6.478182691182555E-6    
  19891.99951171875    6.364520260738264E-6    
  19901.99951171875    6.861063457043484E-6    
  19911.99951171875    6.995456453719633E-6    
  19921.99951171875    7.318421032812544E-6    
  19931.99951171875    6.966519064007992E-6    
  19941.99951171875    7.737001183931565E-6    
  19951.99951171875    8.056662542498255E-6    
  19961.99951171875    8.803621716613249E-6    
  19971.99951171875    8.107670408170788E-6    
  19981.99951171875    7.778277822070648E-6    
  19991.99951171875    7.595304612504701E-6    
  20001.99951171875    7.339136260298401E-6    
  20011.999511718754   6.293533750541803E-6    
  20021.99951171875    6.25664840421975E-6     
  20031.99951171875    6.548471813282755E-6    
  20041.99951171875    6.712312288064978E-6    
  20051.999511718754   5.810799898651518E-6    
  20061.99951171875    6.296426367098061E-6    
  20071.99951171875    8.826241052039491E-6    
  20081.99951171875    7.99610668960986E-6     
  20091.999511718754   6.802338878630551E-6    
  20101.99951171875    4.4702957010542065E-6   
  20111.99951171875    7.041200024555893E-6    
  20121.99951171875    7.086205810785145E-6    
  20131.999511718746   6.141689475716634E-6    
  20141.99951171875    5.699712153353682E-6    
  20151.99951171875    6.5217518983636556E-6   
  20161.99951171875    7.283395011574263E-6    
  20171.999511718746   5.903111065682878E-6    
  20181.99951171875    6.27803561318547E-6     
  20191.99951171875    5.995076259392057E-6    
  20201.99951171875    6.084436809352232E-6    
  20211.999511718746   5.397048015403229E-6    
  20221.99951171875    6.346509476571884E-6    
  20231.99951171875    6.270533051551686E-6    
  20241.99951171875    5.802133263849111E-6    
  20251.999511718746   5.919623279706574E-6    
  20261.99951171875    7.0687460866295524E-6   
  20271.99951171875    7.309368580202731E-6    
  20281.99951171875    8.384469155668519E-6    
  20291.999511718746   7.045012839869651E-6    
  20301.99951171875    8.16444482259349E-6     
  20311.99951171875    6.460861215268127E-6    
  20321.99951171875    6.257680517448805E-6    
  20331.999511718746   5.497424098144422E-6    
  20341.99951171875    5.674050259497687E-6    
  20351.99951171875    6.655367918904957E-6    
  20361.99951171875    7.000059938937551E-6    
  20371.999511718746   6.923498318655709E-6    
  20381.99951171875    6.296306417759071E-6    
  20391.99951171875    4.1955532339817825E-6   
  20401.99951171875    4.561296236587655E-6    
  20411.999511718746   4.913859020871744E-6    
  20421.99951171875    5.775723852174577E-6    
  20431.99951171875    5.413951676529558E-6    
  20441.99951171875    4.6270411033460854E-6   
  20451.999511718746   5.738771198692117E-6    
  20461.99951171875    7.741228743565142E-6    
  20471.99951171875    8.88262623962867E-6     
  20481.99951171875    7.407977470703007E-6    
  20491.999511718746   7.608436544440549E-6    
  20501.99951171875    7.559142520885213E-6    
  20511.99951171875    6.729937165661124E-6    
  20521.99951171875    4.100212005682779E-6    
  20531.999511718746   6.13376637698237E-6     
  20541.99951171875    8.289658362973452E-6    
  20551.99951171875    8.813053421931047E-6    
  20561.99951171875    6.9061739388634435E-6   
  20571.99951171875    6.348531333053797E-6    
  20581.99951171875    8.366035647928356E-6    
  20591.99951171875    7.2453028895404965E-6   
  20601.99951171875    7.262011118989163E-6    
  20611.99951171875    6.0285557452492675E-6   
  20621.99951171875    6.615951891103755E-6    
  20631.99951171875    6.165820611458097E-6    
  20641.99951171875    6.336963053306813E-6    
  20651.99951171875    7.882974092966665E-6    
  20661.99951171875    7.75293468989771E-6     
  20671.99951171875    7.223634502739331E-6    
  20681.99951171875    5.2491375124320605E-6   
  20691.99951171875    8.925444722367802E-6    
  20701.99951171875    8.072597705236125E-6    
  20711.99951171875    8.139960413867305E-6    
  20721.99951171875    6.754762540807194E-6    
  20731.99951171875    7.225505648351977E-6    
  20741.99951171875    7.76197021608944E-6     
  20751.99951171875    5.35976860691399E-6     
  20761.99951171875    5.217337094725796E-6    
  20771.99951171875    5.229736514661381E-6    
  20781.99951171875    7.16746107194933E-6     
  20791.99951171875    6.3688377849269655E-6   
  20801.99951171875    6.443747491285312E-6    
  20811.99951171875    6.744512446054303E-6    
  20821.99951171875    8.617510059019092E-6    
  20831.99951171875    9.597207726833201E-6    
  20841.99951171875    9.390479082079893E-6    
  20851.99951171875    8.487335595735905E-6    
  20861.99951171875    7.384238947184078E-6    
  20871.99951171875    5.9695087475583055E-6   
  20881.99951171875    5.860416354120395E-6    
  20891.99951171875    4.0663305742648686E-6   
  20901.99951171875    6.903568546037679E-6    
  20911.99951171875    8.040762473922282E-6    
  20921.99951171875    1.106354598504641E-5    
  20931.99951171875    8.0050323627933E-6      
  20941.999511718754   8.661682202981145E-6    
  20951.99951171875    7.840544662258305E-6    
  20961.99951171875    8.75025763041947E-6     
  20971.99951171875    5.742409891695032E-6    
  20981.999511718754   5.7811756442507065E-6   
  20991.99951171875    7.237725115975732E-6    
  21001.99951171875    7.639135777574677E-6    
  21011.99951171875    7.661703789585052E-6    
  21021.999511718754   5.717327993754381E-6    
  21031.99951171875    7.2227287784620085E-6   
  21041.99951171875    6.457954696556303E-6    
  21051.99951171875    8.28442814297998E-6     
  21061.999511718754   8.803395376328921E-6    
  21071.99951171875    9.853414874378577E-6    
  21081.99951171875    8.581660191928216E-6    
  21091.99951171875    7.5606110898252786E-6   
  21101.999511718754   9.558980284647155E-6    
  21111.99951171875    8.912690153870724E-6    
  21121.99951171875    1.0502303293426066E-5   
  21131.99951171875    7.17426506635963E-6     
  21141.999511718754   9.279310474516214E-6    
  21151.99951171875    6.207431631496192E-6    
  21161.99951171875    8.22824920876089E-6     
  21171.99951171875    8.275897379541159E-6    
  21181.999511718754   9.19609064830333E-6     
  21191.99951171875    7.742114646686043E-6    
  21201.99951171875    5.539769089985154E-6    
  21211.99951171875    8.167308800773826E-6    
  21221.999511718754   8.966770235980028E-6    
  21231.99951171875    8.984903497277632E-6    
  21241.99951171875    6.599689555547468E-6    
  21251.99951171875    5.390442441397514E-6    
  21261.999511718754   5.13671531135273E-6     
  21271.99951171875    5.787573998580328E-6    
  21281.99951171875    6.871689571207814E-6    
  21291.99951171875    9.710214648952828E-6    
  21301.999511718754   8.25017552137356E-6     
  21311.99951171875    7.728790615976753E-6    
  21321.99951171875    6.463495277540936E-6    
  21331.99951171875    9.584588667436467E-6    
  21341.999511718754   1.0206791430033461E-5   
  21351.99951171875    9.531030079148791E-6    
  21361.99951171875    8.011677874744501E-6    
  21371.99951171875    8.69082393276153E-6     
  21381.999511718746   1.0204277144879E-5      
  21391.99951171875    9.719406566096275E-6    
  21401.99951171875    7.230298434744939E-6    
  21411.99951171875    5.214253821189646E-6    
  21421.999511718746   5.683131356922397E-6    
  21431.99951171875    9.193582165521361E-6    
  21441.99951171875    8.686600093166564E-6    
  21451.99951171875    9.232438726871746E-6    
  21461.999511718746   5.314339668344763E-6    
  21471.99951171875    5.078950324641828E-6    
  21481.99951171875    4.3006864793388716E-6   
  21491.99951171875    6.5102071624973924E-6   
  21501.999511718746   7.717375412255882E-6    
  21511.99951171875    8.069302466747122E-6    
  21521.99951171875    7.1690208187390865E-6   
  21531.99951171875    9.633526745140565E-6    
  21541.999511718746   9.318882703595204E-6    
  21551.99951171875    1.0774524495158353E-5   
  21561.99951171875    9.041854581174787E-6    
  21571.99951171875    1.2407679448298109E-5   
  21581.999511718746   1.2465719303795438E-5   
  21591.99951171875    1.3979529401898236E-5   
  21601.99951171875    1.4862975567783111E-5   
  21611.99951171875    1.5347041093307584E-5   
  21621.999511718746   1.2436144708203042E-5   
  21631.99951171875    9.867383359896903E-6    
  21641.99951171875    9.385847171407884E-6    
  21651.99951171875    1.1618673130806633E-5   
  21661.999511718746   1.2445972356658998E-5   
  21671.99951171875    1.526236651254545E-5    
  21681.99951171875    1.3570575329850219E-5   
  21691.99951171875    1.3995141218079759E-5   
  21701.999511718746   1.0683846932467902E-5   
  21711.99951171875    1.3404042703883604E-5   
  21721.99951171875    1.3454169635442958E-5   
  21731.99951171875    1.499492870789643E-5    
  21741.999511718746   1.2587079190261307E-5   
  21751.99951171875    1.0532401806660005E-5   
  21761.99951171875    9.148224403604998E-6    
  21771.99951171875    9.023707465532358E-6    
  21781.999511718746   9.86183574277641E-6     
  21791.99951171875    1.099911996016584E-5    
  21801.99951171875    1.1642090539190609E-5   
  21811.99951171875    1.1219181016581097E-5   
  21821.99951171875    1.0367042080610407E-5   
  21831.99951171875    8.493136813185453E-6    
  21841.99951171875    5.41113481477395E-6     
  21851.99951171875    4.1701273998685316E-6   
  21861.99951171875    4.631964872494484E-6    
  21871.99951171875    6.995466210285383E-6    
  21881.99951171875    9.426644844140749E-6    
  21891.99951171875    1.1877795508920605E-5   
  21901.99951171875    1.1099923002371684E-5   
  21911.99951171875    8.54604229378066E-6     
  21921.99951171875    4.63490260150797E-6     
  21931.99951171875    6.3380577942867346E-6   
  21941.99951171875    8.284027901454299E-6    
  21951.99951171875    1.0015149701172042E-5   
  21961.99951171875    1.0224154209610536E-5   
  21971.99951171875    1.0233233169289664E-5   
  21981.99951171875    1.604678510358971E-5    
  21991.99951171875    1.2328798159802544E-5   
  22001.99951171875    9.582937391921939E-6    
  22011.99951171875    4.965598808008311E-6    
  22021.99951171875    1.0116381959818855E-5   
  22031.99951171875    1.1383820882054164E-5   
  22041.99951171875    1.4766584526655969E-5   
  22051.99951171875    1.328826594879575E-5    
  22061.99951171875    1.2634642306554179E-5   
  22071.99951171875    9.138183237598437E-6    
  22081.99951171875    6.969731372225659E-6    
  22091.99951171875    7.109521584265815E-6    
  22101.99951171875    7.180279840164424E-6    
  22111.99951171875    9.283847464740044E-6    
  22121.99951171875    1.3624511985033276E-5   
  22131.99951171875    1.716426900663746E-5    
  22141.99951171875    1.618732270293829E-5    
  22151.99951171875    1.4165380596290541E-5   
  22161.99951171875    9.771169408268582E-6    
  22171.99951171875    1.1758205067370072E-5   
  22181.99951171875    1.219697617514771E-5    
  22191.999511718754   1.110028741864019E-5    
  22201.99951171875    8.80466086967088E-6     
  22211.99951171875    7.819939990327025E-6    
  22221.99951171875    1.02525078119532E-5     
  22231.999511718754   1.0662712546689043E-5   
  22241.99951171875    1.04211956839891E-5     
  22251.99951171875    1.3190139524233283E-5   
  22261.99951171875    1.4237345826840752E-5   
  22271.999511718754   1.4990309471734647E-5   
  22281.99951171875    1.176497811883154E-5    
  22291.99951171875    1.3172962276395933E-5   
  22301.99951171875    1.2963615748335859E-5   
  22311.999511718754   1.4194579383174792E-5   
  22321.99951171875    1.2349282330731068E-5   
  22331.99951171875    1.6382281198079148E-5   
  22341.99951171875    1.835122663098366E-5    
  22351.999511718754   1.842467832659401E-5    
  22361.99951171875    1.850110097345073E-5    
  22371.99951171875    1.9395738232169012E-5   
  22381.99951171875    1.9396280786639032E-5   
  22391.999511718754   1.901725560061911E-5    
  22401.99951171875    1.757778289662829E-5    
  22411.99951171875    1.9485176431481276E-5   
  22421.99951171875    1.953878612846508E-5    
  22431.999511718754   2.23947679765196E-5     
  22441.99951171875    2.719632079653721E-5    
  22451.99951171875    2.480083926366054E-5    
  22461.99951171875    2.133288189671442E-5    
  22471.999511718754   1.983576301105858E-5    
  22481.99951171875    2.1364834369560467E-5   
  22491.99951171875    2.27021286107215E-5     
  22501.99951171875    2.4908397442574415E-5   
  22511.999511718754   1.9682011251598786E-5   
  22521.99951171875    1.95125712035529E-5     
  22531.99951171875    1.3905346597892315E-5   
  22541.99951171875    1.6376784138785283E-5   
  22551.999511718754   1.8306459125541856E-5   
  22561.99951171875    1.6851284429736184E-5   
  22571.99951171875    2.2496084041888245E-5   
  22581.99951171875    2.1893414628547244E-5   
  22591.999511718754   2.8022659982150714E-5   
  22601.99951171875    2.6648930979921748E-5   
  22611.99951171875    2.4427685585992713E-5   
  22621.99951171875    2.097623433251273E-5    
  22631.999511718746   1.6189097980756474E-5   
  22641.99951171875    1.5427607992234663E-5   
  22651.99951171875    1.0971342728213477E-5   
  22661.99951171875    1.1201327657513606E-5   
  22671.999511718746   1.0438449357974623E-5   
  22681.99951171875    1.5609603248858123E-5   
  22691.99951171875    1.5241730262994488E-5   
  22701.99951171875    1.6051571145588448E-5   
  22711.999511718746   1.618924129075274E-5    
  22721.99951171875    1.6946956977727856E-5   
  22731.99951171875    1.5607394402676704E-5   
  22741.99951171875    1.3532499502675411E-5   
  22751.999511718746   1.115667130556793E-5    
  22761.99951171875    1.0085965049433113E-5   
  22771.99951171875    9.891722251024E-6       
  22781.99951171875    1.614496392756092E-5    
  22791.999511718746   1.566666083206792E-5    
  22801.99951171875    1.5190383704265743E-5   
  22811.99951171875    9.965263708175709E-6    
  22821.99951171875    1.1924183873559898E-5   
  22831.999511718746   1.0428460246603086E-5   
  22841.99951171875    1.2007175589285459E-5   
  22851.99951171875    1.007269404811426E-5    
  22861.99951171875    1.0078286164341454E-5   
  22871.999511718746   7.88154757672978E-6     
  22881.99951171875    8.106280964254305E-6    
  22891.99951171875    6.639994016169221E-6    
  22901.99951171875    9.323789004358164E-6    
  22911.999511718746   8.870753697125525E-6    
  22921.99951171875    9.581935627592108E-6    
  22931.99951171875    8.299995742880832E-6    
  22941.99951171875    9.422825185099022E-6    
  22951.999511718746   8.136160011965291E-6    
  22961.99951171875    7.579485901635957E-6    
  22971.99951171875    6.640934133541853E-6    
  22981.99951171875    7.377704869642003E-6    
  22991.999511718746   6.53125144191079E-6     
  23001.99951171875    7.1749031292887E-6      
  23011.99951171875    6.7149124972444924E-6   
  23021.99951171875    6.605328019959438E-6    
  23031.999511718746   6.07695006238616E-6     
  23041.99951171875    6.912365263331182E-6    
  23051.99951171875    6.1559336657695975E-6   
  23061.99951171875    6.858791264727927E-6    
  23071.99951171875    5.277323567813065E-6    
  23081.99951171875    6.989684949314989E-6    
  23091.99951171875    5.833281863318071E-6    
  23101.99951171875    5.653186022322505E-6    
  23111.99951171875    4.438120357177169E-6    
  23121.99951171875    4.378229780223237E-6    
  23131.99951171875    4.7683134010810055E-6   
  23141.99951171875    4.2284756892376E-6      
  23151.99951171875    5.291783535189134E-6    
  23161.99951171875    5.684315223265303E-6    
  23171.99951171875    4.923891206999463E-6    
  23181.99951171875    4.484100407103463E-6    
  23191.99951171875    4.53001272257704E-6     
  23201.99951171875    6.674989858463052E-6    
  23211.99951171875    5.958755070235133E-6    
  23221.99951171875    5.126134973934164E-6    
  23231.99951171875    5.255355142987175E-6    
  23241.99951171875    5.2523041668064395E-6   
  23251.99951171875    5.849143368972142E-6    
  23261.99951171875    4.207966549608608E-6    
  23271.99951171875    3.9816923309928415E-6   
  23281.99951171875    3.642955799275104E-6    
  23291.99951171875    3.23593976732194E-6     
  23301.99951171875    3.398732665495655E-6    
  23311.99951171875    3.7695263320415676E-6   
  23321.99951171875    3.593505739524864E-6    
  23331.99951171875    3.1130529837428074E-6   
  23341.99951171875    2.737525302210992E-6    
  23351.99951171875    2.7009646888027635E-6   
  23361.99951171875    2.7180698019416244E-6   
  23371.99951171875    2.556703575986948E-6    
  23381.99951171875    3.1060428468989495E-6   
  23391.99951171875    3.2272897308761364E-6   
  23401.99951171875    2.9672664523679077E-6   
  23411.99951171875    2.628794116218018E-6    
  23421.99951171875    2.3344710834623924E-6   
  23431.99951171875    2.766019676984223E-6    
  23441.999511718754   2.616179627245344E-6    
  23451.99951171875    2.858079841384645E-6    
  23461.99951171875    2.664368108044356E-6    
  23471.99951171875    2.9724433018212674E-6   
  23481.999511718754   2.450440839598034E-6    
  23491.99951171875    2.6162369159636946E-6   
  23501.99951171875    2.4334144183468704E-6   
  23511.99951171875    2.9853504714137534E-6   
  23521.999511718754   2.9727140035080084E-6   
  23531.99951171875    2.909469053587903E-6    
  23541.99951171875    2.973152637071328E-6    
  23551.99951171875    2.8562071419609752E-6   
  23561.999511718754   2.374242606068419E-6    
  23571.99951171875    2.313133226906054E-6    
  23581.99951171875    2.355887289296918E-6    
  23591.99951171875    2.7981510033032513E-6   
  23601.999511718754   2.92221617608672E-6     
  23611.99951171875    2.408445530032296E-6    
  23621.99951171875    2.3708572355691727E-6   
  23631.99951171875    1.7447303939327557E-6   
  23641.999511718754   1.6741521548349529E-6   
  23651.99951171875    1.371422098866294E-6    
  23661.99951171875    1.4614297628974025E-6   
  23671.99951171875    1.2830427523091803E-6   
  23681.999511718754   1.120439663326216E-6    
  23691.99951171875    9.024833891396957E-7    
  23701.99951171875    8.136774885995382E-7    
  23711.99951171875    9.322729699176709E-7    
  23721.999511718754   7.95913229775783E-7     
  23731.99951171875    6.785354852848182E-7    
  23741.99951171875    4.2903720425335677E-7   
  23751.99951171875    3.648711735203228E-7    
  23761.999511718754   3.719967392041931E-7    
  23771.99951171875    3.945311250327415E-7    
  23781.99951171875    4.70737667092859E-7     
  23791.99951171875    4.947407560512807E-7    
  23801.999511718754   4.3643406075914095E-7   
  23811.99951171875    3.264870138437964E-7    
  23821.99951171875    2.442529227691922E-7    
  23831.99951171875    3.047982253262085E-7    
  23841.999511718754   3.0426562331747294E-7   
  23851.99951171875    2.926142546040522E-7    
  23861.99951171875    2.4456259133203934E-7   
  23871.99951171875    2.5666441565216243E-7   
  23881.999511718746   2.2749986781038166E-7   
  23891.99951171875    1.873364485564029E-7    
  23901.99951171875    1.4700250635032734E-7   
  23911.99951171875    1.0705248387541999E-7   
  23921.999511718746   9.09757598060293E-8     
  23931.99951171875    8.779908991605762E-8    
  23941.99951171875    1.0533684553177182E-7   
  23951.99951171875    9.316737827411979E-8    
  23961.999511718746   8.386914341256236E-8    
  23971.99951171875    9.790691089765344E-8    
  23981.99951171875    1.0038848008747082E-7   
  23991.99951171875    9.439325489684752E-8    
  24001.999511718746   7.19097488158378E-8     
  24011.99951171875    6.251594961259104E-8    
  24021.99951171875    5.1337166624286217E-8   
  24031.99951171875    4.681034217828845E-8    
  24041.999511718746   4.470962553627524E-8    
  24051.99951171875    4.060611345571753E-8    
  24061.99951171875    3.5129182270492985E-8   
  24071.99951171875    2.9221076617190198E-8   
  24081.999511718746   2.871874454091551E-8    
  24091.99951171875    2.9260249285045786E-8   
  24101.99951171875    2.4413977823666374E-8   
  24111.99951171875    1.7351706498581898E-8   
  24121.999511718746   1.2231025675078546E-8   
  24131.99951171875    1.1715434665513243E-8   
  24141.99951171875    1.1357220970868838E-8   
  24151.99951171875    1.1898921167082587E-8   
  24161.999511718746   1.0524814998690368E-8   
  24171.99951171875    9.745126782528933E-9    
  24181.99951171875    8.2000932757865E-9      
  24191.99951171875    7.036311431313796E-9    
  24201.999511718746   6.328385740910366E-9    
  24211.99951171875    5.5238006091301215E-9   
  24221.99951171875    5.573953426751932E-9    
  24231.99951171875    5.84574535477884E-9     
  24241.999511718746   4.918503411438264E-9    
  24251.99951171875    4.000770010476694E-9    
  24261.99951171875    2.57919329478005E-9     
  24271.99951171875    2.7398736311649447E-9   
  24281.999511718746   2.4775304501156216E-9   
  24291.99951171875    2.578058460107404E-9    
  24301.99951171875    1.9497122396877595E-9   
  24311.99951171875    2.2467612683166253E-9   
  24321.99951171875    2.1508045596862013E-9   
  24331.99951171875    2.1308854465112186E-9   
  24341.99951171875    1.7401007656085303E-9   
  24351.99951171875    1.3653808279699886E-9   
  24361.99951171875    1.3156538538855917E-9   
  24371.99951171875    9.89794181317638E-10    
  24381.99951171875    8.929756244502272E-10   
  24391.99951171875    6.981290179581976E-10   
  24401.99951171875    7.318980735513224E-10   
  24411.99951171875    8.227571490227089E-10   
  24421.99951171875    7.243049336876877E-10   
  24431.99951171875    7.072917931662837E-10   
  24441.99951171875    5.462828000657763E-10   
  24451.99951171875    5.412994287193358E-10   
  24461.99951171875    4.288066541713322E-10   
  24471.99951171875    4.4116492049894366E-10  
  24481.99951171875    3.817834667547692E-10   
  24491.99951171875    3.496925348757893E-10   
  24501.99951171875    2.629353217129119E-10   
  24511.99951171875    2.1944715056130607E-10  
  24521.99951171875    2.4841945699848543E-10  
  24531.99951171875    2.5541458394059024E-10  
  24541.99951171875    2.5331094199401237E-10  
  24551.99951171875    2.2186293874706422E-10  
  24561.99951171875    1.8918828079150892E-10  
  24571.99951171875    1.5180252300399055E-10  
  24581.99951171875    1.3494825609650505E-10  
  24591.99951171875    1.1547758966382624E-10  
  24601.99951171875    1.1987311406762118E-10  
  24611.99951171875    7.610068275001024E-11   
  24621.99951171875    8.328417161587017E-11   
  24631.99951171875    7.736668323914889E-11   
  24641.99951171875    8.162514407169036E-11   
  24651.99951171875    7.500783062324989E-11   
  24661.99951171875    6.446324472847296E-11   
  24671.99951171875    5.7609158219716077E-11  
  24681.99951171875    4.821293035335402E-11   
  24691.999511718754   4.736850425284501E-11   
  24701.99951171875    4.418112737666609E-11   
  24711.99951171875    3.4949193833181975E-11  
  24721.99951171875    3.266231856346809E-11   
  24731.999511718754   3.501207690605298E-11   
  24741.99951171875    3.541036212600003E-11   
  24751.99951171875    3.110769745387102E-11   
  24761.99951171875    2.482533005370987E-11   
  24771.999511718754   2.2352762587351243E-11  
  24781.99951171875    2.044631421270475E-11   
  24791.99951171875    1.7970803253740563E-11  
  24801.99951171875    1.7087518433333357E-11  
  24811.999511718754   1.59791801123013E-11    
  24821.99951171875    1.7959122137773716E-11  
  24831.99951171875    1.2760109864701462E-11  
  24841.99951171875    1.0354575704347388E-11  
  24851.999511718754   7.059831960378276E-12   
  24861.99951171875    8.269605253099766E-12   
  24871.99951171875    8.203083963552706E-12   
  24881.99951171875    6.037007412388422E-12   
  24891.999511718754   5.203854471383326E-12   
  24901.99951171875    4.48887560076329E-12    
  24911.99951171875    5.7872066758932065E-12  
  24921.99951171875    5.6582140487248844E-12  
  24931.999511718754   5.31758345495418E-12    
  24941.99951171875    4.063260391264693E-12   
  24951.99951171875    4.192248606313368E-12   
  24961.99951171875    3.5584926434178638E-12  
  24971.999511718754   3.5380163775501754E-12  
  24981.99951171875    3.0311328259136305E-12  
  24991.99951171875    2.7113355521254276E-12  
  25001.99951171875    2.441625230517386E-12   
  25011.999511718754   1.9656934344255262E-12  
  25021.99951171875    2.0926202297461715E-12  
  25031.99951171875    2.082041309527164E-12   
  25041.99951171875    2.060373407541738E-12   
  25051.999511718754   1.6701918098046152E-12  
  25061.99951171875    1.5081704014249287E-12  
  25071.99951171875    1.3403169157999586E-12  
  25081.99951171875    1.1319087125571078E-12  
  25091.999511718754   1.1615704990284109E-12  
  25101.99951171875    1.1675207587735613E-12  
  25111.99951171875    1.1586158233489828E-12  
  25121.99951171875    1.006502735215786E-12   
  25131.999511718746   9.408807347566046E-13   
  25141.99951171875    1.1367443633469273E-12  
  25151.99951171875    9.491378863441778E-13   
  25161.99951171875    9.769512652823394E-13   
  25171.999511718746   7.41259064490091E-13    
  25181.99951171875    8.243164424351352E-13   
  25191.99951171875    6.290396930482855E-13   
  25201.99951171875    6.15896643749379E-13    
  25211.999511718746   4.841123742921511E-13   
  25221.99951171875    5.285167040828663E-13   
  25231.99951171875    4.859650356206587E-13   
  25241.99951171875    5.107927287609669E-13   
  25251.999511718746   4.334757320195374E-13   
  25261.99951171875    4.10501964703224E-13    
  25271.99951171875    3.8697070547005473E-13  
  25281.99951171875    3.502933371643645E-13   
  25291.999511718746   3.215474017503476E-13   
  25301.99951171875    2.8156737407112967E-13  
  25311.99951171875    2.9021101315134906E-13  
  25321.99951171875    2.6280595892013564E-13  
  25331.999511718746   2.765522342672099E-13   
  25341.99951171875    2.257048408361967E-13   
  25351.99951171875    2.2339547103078007E-13  
  25361.99951171875    1.621824615079568E-13   
  25371.999511718746   1.5430448255973927E-13  
  25381.99951171875    1.584138165829065E-13   
  25391.99951171875    1.713626034287415E-13   
  25401.99951171875    1.6861723864732116E-13  
  25411.999511718746   1.4629534721997628E-13  
  25421.99951171875    1.5385557535843394E-13  
  25431.99951171875    1.485457839234187E-13   
  25441.99951171875    1.3923468829872314E-13  
  25451.999511718746   1.0442282523921724E-13  
  25461.99951171875    9.533041851437367E-14   
  25471.99951171875    9.582395404332705E-14   
  25481.99951171875    9.194043261686744E-14   
  25491.999511718746   7.921252516992018E-14   
  25501.99951171875    7.060813526640888E-14   
  25511.99951171875    6.905049515285897E-14   
  25521.99951171875    6.391920546892291E-14   
  25531.999511718746   5.576057916370932E-14   
  25541.99951171875    4.917732548740875E-14   
  25551.99951171875    5.436409947449703E-14   
  25561.99951171875    5.240062771838488E-14   
  25571.99951171875    4.94191222585609E-14    
  25581.99951171875    3.0608310206436426E-14  
  25591.99951171875    2.7033381930377878E-14  
  25601.99951171875    2.257004489532882E-14   
  25611.99951171875    2.608168102853833E-14   
  25621.99951171875    2.5084015416074434E-14  
  25631.99951171875    2.144261634253719E-14   
  25641.99951171875    2.3542661265357562E-14  
  25651.99951171875    2.3177459153624078E-14  
  25661.99951171875    2.207202895736158E-14   
  25671.99951171875    1.7610244496312303E-14  
  25681.99951171875    1.8041939322688428E-14  
  25691.99951171875    1.7375277789330434E-14  
  25701.99951171875    1.3757468365941884E-14  
  25711.99951171875    9.498824495586274E-15   
  25721.99951171875    7.843355199008162E-15   
  25731.99951171875    9.507837897840676E-15   
  25741.99951171875    9.22541909873106E-15    
  25751.99951171875    9.224805139263586E-15   
  25761.99951171875    9.733835862881348E-15   
  25771.99951171875    8.668808191712922E-15   
  25781.99951171875    8.781992795539818E-15   
  25791.99951171875    7.471362554418611E-15   
  25801.99951171875    6.697979564793018E-15   
  25811.99951171875    5.422943630751847E-15   
  25821.99951171875    4.8497285988870146E-15  
  25831.99951171875    4.877223714042776E-15   
  25841.99951171875    4.83126793450021E-15    
  25851.99951171875    4.288794355930515E-15   
  25861.99951171875    3.752628981124483E-15   
  25871.99951171875    3.093475993384907E-15   
  25881.99951171875    2.783684544278871E-15   
  25891.99951171875    2.984688171953263E-15   
  25901.99951171875    2.6949824475881353E-15  
  25911.99951171875    2.3954941349095234E-15  
  25921.99951171875    1.9600687679926667E-15  
  25931.99951171875    1.858790257025301E-15   
  25941.999511718754   2.2649797660505265E-15  
  25951.99951171875    1.8728473059563275E-15  
  25961.99951171875    1.706490929888943E-15   
  25971.99951171875    1.2373030812060958E-15  
  25981.999511718754   1.1984194332648326E-15  
