# microns              throughput              
  5507.8997802734375   1.2477017817643674E-9   
  5517.8997802734375   1.6349011787111878E-9   
  5527.8997802734375   1.89296167402396E-10    
  5537.8997802734375   1.0311255156554884E-9   
  5547.8997802734375   1.4255593734586478E-9   
  5557.8997802734375   1.040653444986373E-9    
  5567.8997802734375   1.1326587100825956E-9   
  5577.8997802734375   2.741266421598868E-10   
  5587.8997802734375   1.4967155876246849E-9   
  5597.8997802734375   1.52584661907194E-9     
  5607.8997802734375   6.628226585968208E-11   
  5617.8997802734375   5.444676580310284E-10   
  5627.8997802734375   9.56806999779974E-10    
  5637.8997802734375   1.5013622437200998E-9   
  5647.8997802734375   4.3268195589748375E-10  
  5657.8997802734375   2.3844279043185296E-9   
  5667.8997802734375   2.158050436425732E-10   
  5677.8997802734375   3.509196903706014E-9    
  5687.8997802734375   1.7631497846869231E-9   
  5697.8997802734375   1.5079422785185992E-9   
  5707.8997802734375   2.921171559340556E-9    
  5717.8997802734375   1.0579141175137472E-9   
  5727.8997802734375   1.0418497721296585E-9   
  5737.8997802734375   2.3692049602202726E-9   
  5747.8997802734375   1.3909374972676384E-9   
  5757.8997802734375   1.63004766166205E-9     
  5767.8997802734375   6.19634051718305E-10    
  5777.8997802734375   4.948715263685446E-9    
  5787.8997802734375   3.665095118551722E-9    
  5797.8997802734375   3.2821426447542336E-9   
  5807.8997802734375   2.261628133753266E-9    
  5817.8997802734375   3.601097393914326E-10   
  5827.8997802734375   3.0809223771612965E-9   
  5837.8997802734375   6.20610483452232E-9     
  5847.8997802734375   4.726918896556461E-9    
  5857.8997802734375   1.0292424141331335E-8   
  5867.8997802734375   4.297158588699683E-9    
  5877.8997802734375   5.754194026724069E-9    
  5887.8997802734375   2.943952885584903E-9    
  5897.8997802734375   8.788848401428999E-9    
  5907.8997802734375   3.9112564650095723E-10  
  5917.8997802734375   8.051709581561074E-9    
  5927.8997802734375   1.0015699419995303E-8   
  5937.8997802734375   1.6155456700861713E-8   
  5947.8997802734375   1.0071102802129222E-8   
  5957.8997802734375   1.2041537129575463E-8   
  5967.8997802734375   3.17983585332572E-8     
  5977.8997802734375   4.1029048352361635E-9   
  5987.8997802734375   7.534415083518019E-9    
  5997.8997802734375   3.775768037301891E-9    
  6007.899780273438    1.3084006547848117E-8   
  6017.899780273438    1.3701964337653218E-8   
  6027.899780273438    1.8641625116207096E-8   
  6037.899780273438    3.2548123090343235E-8   
  6047.899780273438    4.289019888502611E-9    
  6057.899780273438    8.298323677268393E-9    
  6067.899780273438    1.60431537212267E-8     
  6077.899780273438    6.931166515144355E-9    
  6087.899780273438    8.9999694130235E-9      
  6097.899780273438    5.144278639345265E-9    
  6107.899780273438    7.868398706644147E-9    
  6117.899780273437    6.033780867090971E-9    
  6127.899780273437    1.370428267327188E-8    
  6137.899780273437    1.943350841462304E-8    
  6147.899780273437    6.2749137167099985E-9   
  6157.899780273437    1.6588005392540367E-8   
  6167.899780273437    2.3216831279156696E-8   
  6177.899780273437    1.7002404037813935E-8   
  6187.899780273437    1.4039870451900447E-8   
  6197.899780273437    1.9648913160239034E-8   
  6207.899780273437    1.9985041130789374E-8   
  6217.899780273437    2.1196940548922933E-8   
  6227.8997802734375   1.5165787096407933E-8   
  6237.8997802734375   2.1103928911283035E-8   
  6247.8997802734375   1.4489563589642695E-8   
  6257.8997802734375   9.751938378818122E-9    
  6267.8997802734375   3.443573486192067E-8    
  6277.8997802734375   1.3148717243102393E-9   
  6287.8997802734375   1.381311816892441E-8    
  6297.8997802734375   7.139869527263615E-9    
  6307.8997802734375   2.433556172805969E-8    
  6317.8997802734375   1.3403890878057528E-8   
  6327.8997802734375   5.371653061891415E-9    
  6337.8997802734375   1.2203775063416527E-8   
  6347.8997802734375   8.450493342385312E-9    
  6357.8997802734375   5.667637225635821E-8    
  6367.8997802734375   2.2633953882147953E-8   
  6377.8997802734375   1.5654868155859754E-8   
  6387.8997802734375   2.1564794632324358E-8   
  6397.8997802734375   4.5737228198918026E-8   
  6407.8997802734375   2.014689639705719E-8    
  6417.8997802734375   1.8547954071207923E-8   
  6427.8997802734375   2.623997357170105E-8    
  6437.8997802734375   2.1331718688019573E-8   
  6447.8997802734375   2.3402905752016782E-8   
  6457.8997802734375   2.9698691204301095E-8   
  6467.8997802734375   1.2610919645611919E-8   
  6477.8997802734375   2.465677421173896E-8    
  6487.8997802734375   1.697638028049629E-8    
  6497.8997802734375   3.4889201441549E-8      
  6507.8997802734375   1.869382941750932E-8    
  6517.8997802734375   2.4145127374211612E-8   
  6527.8997802734375   2.4544871118506342E-8   
  6537.8997802734375   3.576522117959652E-8    
  6547.8997802734375   3.147707675266171E-8    
  6557.8997802734375   2.7874458732208555E-8   
  6567.8997802734375   3.829620737298195E-8    
  6577.8997802734375   5.422271876653592E-8    
  6587.8997802734375   1.711424483512004E-8    
  6597.8997802734375   3.946746542217424E-8    
  6607.8997802734375   4.297458002019604E-8    
  6617.8997802734375   5.63116521690373E-8     
  6627.8997802734375   3.539716742346937E-8    
  6637.8997802734375   4.458659370060618E-8    
  6647.8997802734375   4.107399403587462E-8    
  6657.8997802734375   4.082417154594161E-8    
  6667.8997802734375   4.183395359728242E-8    
  6677.8997802734375   8.491954309570017E-8    
  6687.8997802734375   6.973745538786872E-8    
  6697.8997802734375   5.921718534362851E-8    
  6707.8997802734375   5.9799684934407E-8      
  6717.8997802734375   5.2022286156437714E-8   
  6727.8997802734375   6.719746623121655E-8    
  6737.8997802734375   5.125395104136672E-8    
  6747.8997802734375   4.0302068347245347E-8   
  6757.8997802734375   4.188351080898476E-8    
  6767.8997802734375   5.889494979944019E-8    
  6777.8997802734375   5.118799300392938E-8    
  6787.8997802734375   6.102846693247023E-8    
  6797.8997802734375   8.990272241499377E-8    
  6807.8997802734375   7.628700021820898E-8    
  6817.8997802734375   6.683381340686173E-8    
  6827.8997802734375   5.644418212402647E-8    
  6837.8997802734375   5.138965829057722E-8    
  6847.8997802734375   6.886485265712814E-8    
  6857.8997802734375   8.129578264486343E-8    
  6867.8997802734375   5.717064272502819E-8    
  6877.8997802734375   6.148245271639846E-8    
  6887.8997802734375   5.25311667277879E-8     
  6897.8997802734375   7.524540995738637E-8    
  6907.8997802734375   7.796843982686888E-8    
  6917.8997802734375   7.446234108856139E-8    
  6927.8997802734375   6.044931904206673E-8    
  6937.8997802734375   6.798866285271715E-8    
  6947.8997802734375   6.848704012639411E-8    
  6957.8997802734375   7.855721225624947E-8    
  6967.8997802734375   8.173892424408885E-8    
  6977.8997802734375   7.780335989166329E-8    
  6987.8997802734375   6.481771853439601E-8    
  6997.8997802734375   3.805940088035531E-8    
  7007.8997802734375   6.814438143765127E-8    
  7017.8997802734375   8.065580297850376E-8    
  7027.8997802734375   6.131224717403447E-8    
  7037.8997802734375   7.031032712867068E-8    
  7047.8997802734375   7.318149977215452E-8    
  7057.8997802734375   7.18749463501057E-8     
  7067.8997802734375   6.902335516818566E-8    
  7077.8997802734375   6.172395777135894E-8    
  7087.8997802734375   6.418913227772004E-8    
  7097.8997802734375   5.686076357985506E-8    
  7107.8997802734375   4.974195630598006E-8    
  7117.8997802734375   3.377600077205212E-8    
  7127.8997802734375   4.5072674628830164E-8   
  7137.8997802734375   7.024836977792533E-8    
  7147.8997802734375   5.5654610133933544E-8   
  7157.8997802734375   6.990350352713145E-8    
  7167.8997802734375   6.283329137740879E-8    
  7177.8997802734375   8.711284947536814E-8    
  7187.8997802734375   7.253442108090524E-8    
  7197.8997802734375   8.060555457409658E-8    
  7207.8997802734375   8.328634297290145E-8    
  7217.8997802734375   8.164958619362625E-8    
  7227.8997802734375   9.090261374648544E-8    
  7237.8997802734375   8.446284437803455E-8    
  7247.8997802734375   9.305461413392964E-8    
  7257.899780273438    1.002889733496022E-7    
  7267.899780273438    5.6080583003454366E-8   
  7277.899780273438    6.668281177996447E-8    
  7287.899780273438    7.114068924225376E-8    
  7297.899780273438    4.960071696277294E-8    
  7307.899780273438    6.047970690302793E-8    
  7317.899780273438    3.765446122587566E-8    
  7327.899780273438    7.271037097953417E-8    
  7337.899780273438    6.741721250515968E-8    
  7347.899780273438    7.052002333509742E-8    
  7357.899780273438    7.24451067307377E-8     
  7367.899780273437    7.787216641963274E-8    
  7377.899780273437    1.0118781089208906E-7   
  7387.899780273437    9.572610602927982E-8    
  7397.899780273437    8.231552787219685E-8    
  7407.899780273437    8.851744618794894E-8    
  7417.899780273437    7.600960908589011E-8    
  7427.899780273437    9.287853672420545E-8    
  7437.899780273437    5.704829456355105E-8    
  7447.899780273437    6.673714236600914E-8    
  7457.899780273437    4.1607705731204044E-8   
  7467.899780273437    5.001686915260015E-8    
  7477.8997802734375   5.8894360306339636E-8   
  7487.8997802734375   9.000171092220882E-8    
  7497.8997802734375   1.0607314048472467E-7   
  7507.8997802734375   1.0469882884518741E-7   
  7517.8997802734375   1.0981676178471668E-7   
  7527.8997802734375   9.070122583026861E-8    
  7537.8997802734375   1.029490122334092E-7    
  7547.8997802734375   8.456125065193297E-8    
  7557.8997802734375   5.930895688242838E-8    
  7567.8997802734375   1.015077690900916E-7    
  7577.8997802734375   9.002750435335035E-8    
  7587.8997802734375   8.227158281548857E-8    
  7597.8997802734375   6.77726479666772E-8     
  7607.8997802734375   7.71762808149102E-8     
  7617.8997802734375   6.147748561265325E-8    
  7627.8997802734375   6.809486914881202E-8    
  7637.8997802734375   6.754319961973985E-8    
  7647.8997802734375   8.490973252105011E-8    
  7657.8997802734375   9.169104239603742E-8    
  7667.8997802734375   8.30563131283099E-8     
  7677.8997802734375   7.330124795910268E-8    
  7687.8997802734375   6.897735874713721E-8    
  7697.8997802734375   7.642651110494624E-8    
  7707.8997802734375   9.858212568065692E-8    
  7717.8997802734375   8.071138564287316E-8    
  7727.8997802734375   6.084740835671518E-8    
  7737.8997802734375   7.456624718261217E-8    
  7747.8997802734375   7.765067262519625E-8    
  7757.8997802734375   6.483939078075102E-8    
  7767.8997802734375   4.476362178277191E-8    
  7777.8997802734375   4.9638773997319425E-8   
  7787.8997802734375   6.65014208061928E-8     
  7797.8997802734375   7.02428223716389E-8     
  7807.8997802734375   4.016619518050088E-8    
  7817.8997802734375   9.148679816631636E-8    
  7827.8997802734375   6.137048658185933E-8    
  7837.8997802734375   1.1265510208040399E-7   
  7847.8997802734375   6.203542461098239E-8    
  7857.8997802734375   4.786464541705563E-8    
  7867.8997802734375   4.191018680211106E-8    
  7877.8997802734375   8.380907318145152E-8    
  7887.8997802734375   7.223052061978007E-8    
  7897.8997802734375   3.549316577958365E-8    
  7907.8997802734375   6.64108088035144E-8     
  7917.8997802734375   4.4667471899254024E-8   
  7927.8997802734375   7.294582890126476E-8    
  7937.8997802734375   2.9881058902700376E-8   
  7947.8997802734375   3.3858727039539215E-8   
  7957.8997802734375   3.153986629184008E-8    
  7967.8997802734375   1.748570961361063E-8    
  7977.8997802734375   4.776771036203055E-8    
  7987.8997802734375   2.709564378264782E-8    
  7997.8997802734375   5.471614181461996E-8    
  8007.8997802734375   6.956875336614175E-8    
  8017.8997802734375   7.149623748938822E-8    
  8027.8997802734375   3.969160361954067E-8    
  8037.8997802734375   6.52436051602217E-8     
  8047.8997802734375   2.0563330464724983E-8   
  8057.8997802734375   5.3289910917156225E-8   
  8067.8997802734375   3.949992491073457E-8    
  8077.8997802734375   2.987867768254879E-8    
  8087.8997802734375   5.149655032139447E-8    
  8097.8997802734375   2.735302867284558E-8    
  8107.8997802734375   6.401040396097289E-8    
  8117.8997802734375   1.0405937726565262E-8   
  8127.8997802734375   7.258885081172933E-8    
  8137.8997802734375   4.913504247990869E-8    
  8147.8997802734375   6.981644020098071E-8    
  8157.8997802734375   1.0429631331168845E-7   
  8167.8997802734375   4.83550610583214E-8     
  8177.8997802734375   4.5610392683354883E-8   
  8187.8997802734375   5.719411892775407E-8    
  8197.899780273438    8.444556012161526E-8    
  8207.899780273438    5.1336053986242466E-8   
  8217.899780273438    9.600529579826007E-8    
  8227.899780273438    9.845053650444005E-8    
  8237.899780273438    3.756102093171883E-8    
  8247.899780273438    5.216344143679599E-8    
  8257.899780273438    6.625023542079389E-8    
  8267.899780273438    9.282225497374761E-9    
  8277.899780273438    3.467235069682207E-8    
  8287.899780273438    7.463619294385592E-8    
  8297.899780273438    7.457513388221631E-8    
  8307.899780273438    6.2929277547411E-8      
  8317.899780273438    5.845827353998718E-8    
  8327.899780273438    6.714828251754717E-8    
  8337.899780273438    1.0984520535056901E-7   
  8347.899780273438    1.2561286422791522E-7   
  8357.899780273438    1.4926547889089585E-7   
  8367.899780273438    8.79368664781217E-8     
  8377.899780273438    6.4064634796695E-8      
  8387.899780273438    1.2413124245485113E-7   
  8397.899780273438    1.3783723271306144E-7   
  8407.899780273438    9.777958699399393E-8    
  8417.899780273438    3.845429570068102E-8    
  8427.899780273438    7.968588055209302E-8    
  8437.899780273438    1.0888615714349005E-7   
  8447.899780273438    1.021062466860963E-7    
  8457.899780273438    1.3412882228809175E-7   
  8467.899780273438    7.364196471827573E-8    
  8477.899780273438    1.1571600511105043E-7   
  8487.899780273438    1.4764519353383516E-7   
  8497.899780273438    9.611708760698117E-8    
  8507.899780273438    1.1266323708290795E-7   
  8517.899780273438    1.3002319217985679E-7   
  8527.899780273438    9.56244529729272E-8     
  8537.899780273438    5.175424084236128E-8    
  8547.899780273438    1.7643742274410963E-7   
  8557.899780273438    1.5017713737589573E-7   
  8567.899780273438    1.4323306618540423E-7   
  8577.899780273438    1.1133170489421676E-7   
  8587.899780273438    6.095093353024656E-9    
  8597.899780273438    1.1448118588585661E-7   
  8607.899780273438    2.0953991410448018E-7   
  8617.899780273438    1.8160873742264802E-7   
  8627.899780273438    1.5063523749794077E-7   
  8637.899780273438    9.254342916180323E-8    
  8647.899780273438    8.008896271129633E-8    
  8657.899780273438    5.282655418151466E-8    
  8667.899780273438    7.77608168543871E-8     
  8677.899780273438    3.049977872435348E-11   
  8687.899780273438    7.275804558784986E-8    
  8697.899780273438    3.055712406816107E-11   
  8707.899780273438    3.0611433162951483E-11  
  8717.899780273438    3.0682946356305676E-11  
  8727.899780273438    8.430928314371457E-8    
  8737.899780273438    3.0761246266588344E-11  
  8747.899780273438    1.0385007247097858E-7   
  8757.899780273438    2.880540952885236E-7    
  8767.899780273438    3.4570282288492454E-7   
  8777.899780273438    3.0941541682842406E-11  
  8787.899780273438    3.0964514438377714E-11  
  8797.899780273438    3.5730854243422717E-7   
  8807.899780273438    8.427167336777557E-8    
  8817.899780273438    7.672962633077078E-8    
  8827.899780273438    2.904114381907932E-7    
  8837.899780273438    3.0301982865790694E-7   
  8847.899780273438    2.4120825484240417E-7   
  8857.899780273438    6.530751347661294E-7    
  8867.899780273438    4.3647109790809973E-7   
  8877.899780273438    8.218380420761598E-9    
  8887.899780273438    6.323091348119117E-7    
  8897.899780273438    3.1241632476159875E-11  
  8907.899780273438    8.835207396492464E-7    
  8917.899780273438    3.137063907444679E-11   
  8927.899780273438    3.139915915130595E-11   
  8937.899780273438    7.963557087116975E-7    
  8947.899780273438    3.1465137439267556E-11  
  8957.899780273438    1.4424921716296172E-6   
  8967.899780273438    3.145433200169832E-11   
  8977.899780273438    1.2999029042577044E-7   
  8987.899780273438    3.9041081008234326E-8   
  8997.899780273438    1.1352185211504842E-7   
  9007.899780273438    2.0039849721990606E-8   
  9017.899780273438    7.333691714628225E-8    
  9027.899780273438    3.031839995143882E-8    
  9037.899780273438    8.479975042983667E-8    
  9047.899780273438    1.3547969129920148E-7   
  9057.899780273438    1.366194097184854E-7    
  9067.899780273438    9.539609377212519E-8    
  9077.899780273438    5.929856325214697E-8    
  9087.899780273438    9.68725900698936E-8     
  9097.899780273438    1.1859264323759392E-7   
  9107.899780273438    1.8198703755857875E-8   
  9117.899780273438    1.1222015662757456E-7   
  9127.899780273438    1.8777742409232546E-7   
  9137.899780273438    8.145594152783542E-8    
  9147.899780273438    1.3056277084522484E-7   
  9157.899780273438    8.270821819139265E-8    
  9167.899780273438    1.3113789046483296E-7   
  9177.899780273438    1.1663030874603908E-7   
  9187.899780273438    7.08999273129246E-8     
  9197.899780273438    1.5786760417002412E-7   
  9207.899780273438    1.1483867805209868E-7   
  9217.899780273438    1.2135983284693008E-7   
  9227.899780273438    1.703478485255706E-7    
  9237.899780273438    1.1801179069671042E-7   
  9247.899780273438    1.5922499586503224E-7   
  9257.899780273438    1.4644037273484667E-7   
  9267.899780273438    7.651891981857248E-8    
  9277.899780273438    1.793980045192986E-7    
  9287.899780273438    2.4083254301456254E-7   
  9297.899780273438    2.431386508592775E-7    
  9307.899780273438    1.2547100475463935E-7   
  9317.899780273438    2.1356313495925105E-7   
  9327.899780273438    2.470092956735433E-7    
  9337.899780273438    1.4769329234266416E-7   
  9347.899780273438    2.1541259614176114E-7   
  9357.899780273438    2.2749865224193148E-7   
  9367.899780273438    2.43468621931813E-7     
  9377.899780273438    2.0033660754289712E-7   
  9387.899780273438    2.4898457390020874E-7   
  9397.899780273438    1.61122345546784E-7     
  9407.899780273438    1.8153013655709286E-7   
  9417.899780273438    1.5174309016605217E-7   
  9427.899780273438    2.1602994127879728E-7   
  9437.899780273438    2.0608936435377642E-7   
  9447.899780273438    1.5692401733397693E-7   
  9457.899780273438    1.1482171221766289E-7   
  9467.899780273438    2.2816812956728443E-7   
  9477.899780273438    2.3730491174137696E-7   
  9487.899780273438    2.3164963066217067E-7   
  9497.899780273438    1.4811657290632455E-7   
  9507.899780273438    2.5473997478001403E-7   
  9517.899780273438    2.2530932756836937E-7   
  9527.899780273438    2.53522504610778E-7     
  9537.899780273438    3.085624930235038E-7    
  9547.899780273438    2.3408744363304377E-7   
  9557.899780273438    2.323493688514487E-7    
  9567.899780273438    2.543124801124837E-7    
  9577.899780273438    3.366538223328922E-7    
  9587.899780273438    2.7020299460862243E-7   
  9597.899780273438    2.0053000631675814E-7   
  9607.899780273438    2.242438959863529E-7    
  9617.899780273438    2.407793892722736E-7    
  9627.899780273438    1.3907607822504785E-7   
  9637.899780273438    2.159584280428817E-7    
  9647.899780273438    2.0491480755109474E-7   
  9657.899780273438    2.640609280906531E-7    
  9667.899780273438    2.267267597976527E-7    
  9677.899780273438    1.8346958541990093E-7   
  9687.899780273438    3.142389117243557E-7    
  9697.899780273438    2.707532293875392E-7    
  9707.899780273438    2.4620843748857377E-7   
  9717.899780273438    2.7772365071760137E-7   
  9727.899780273438    3.1492740800723975E-7   
  9737.899780273438    2.1935208204121313E-7   
  9747.899780273438    2.223153132672417E-7    
  9757.899780273438    2.7525490476359547E-7   
  9767.899780273438    2.2828464146437388E-7   
  9777.899780273438    1.778623848024967E-7    
  9787.899780273438    1.131587208915417E-7    
  9797.899780273438    2.15975522958046E-7     
  9807.899780273438    1.926233453923416E-7    
  9817.899780273438    2.2441546412748376E-7   
  9827.899780273438    1.3888911027824397E-7   
  9837.899780273438    1.5938549701226988E-7   
  9847.899780273438    1.91450260828167E-7     
  9857.899780273438    2.237379055793494E-7    
  9867.899780273438    2.9089578390646395E-7   
  9877.899780273438    1.4266901194378897E-7   
  9887.899780273438    2.410756681191145E-7    
  9897.899780273438    2.960093941965655E-7    
  9907.899780273438    2.477903381366068E-7    
  9917.899780273438    1.971117766814065E-7    
  9927.899780273438    2.147359127064871E-7    
  9937.899780273438    2.2986262061850774E-7   
  9947.899780273438    2.578945899549518E-7    
  9957.899780273438    2.5502367624300736E-7   
  9967.899780273438    2.34222498631952E-7     
  9977.899780273438    2.450921686332619E-7    
  9987.899780273438    1.6864943561046024E-6   
  9997.899780273438    1.4686840781123941E-6   
  10007.899780273438   1.6068758879885322E-6   
  10017.899780273438   1.7166037678829992E-6   
  10027.899780273438   1.5276841091595565E-6   
  10037.899780273438   1.5909933413842361E-6   
  10047.899780273438   1.6787125981708138E-6   
  10057.899780273438   1.929884879189525E-6    
  10067.899780273438   1.5405941953099162E-6   
  10077.899780273438   1.1520407359395751E-6   
  10087.899780273438   1.2165070964853177E-6   
  10097.899780273438   1.5293438569198365E-6   
  10107.899780273438   1.5664501428231578E-6   
  10117.899780273438   1.2448533755147128E-6   
  10127.899780273438   1.2974435691602133E-6   
  10137.899780273438   1.410626291589276E-6    
  10147.899780273438   1.655565840957276E-6    
  10157.899780273438   1.5556715685137064E-6   
  10167.899780273438   1.4897381212285278E-6   
  10177.899780273438   1.1114947640836866E-6   
  10187.899780273438   1.2964399924895734E-6   
  10197.899780273438   1.5538304559474043E-6   
  10207.899780273438   1.3839157216212855E-6   
  10217.899780273438   1.7214507457934246E-6   
  10227.899780273438   1.2683946374102104E-6   
  10237.899780273438   1.4089963819736842E-6   
  10247.900390625      1.6864713924234386E-6   
  10257.900390625002   1.402677478969302E-6    
  10267.900390625      1.2002819464787906E-6   
  10277.900390625002   1.3652135780159174E-6   
  10287.900390625      1.13678815649724E-6     
  10297.900390625002   9.57877969465485E-7     
  10307.900390625      1.066396464224669E-6    
  10317.900390625002   1.239718545852285E-6    
  10327.900390625      9.557577357331639E-7    
  10337.900390625002   1.2309973920612687E-6   
  10347.900390625      1.1792791166510023E-6   
  10357.900390624998   1.0558487915234466E-6   
  10367.900390625      1.3694036852302444E-6   
  10377.900390624998   1.127575083396708E-6    
  10387.900390625      1.0512897036573139E-6   
  10397.900390624998   1.314325002941753E-6    
  10407.900390625      1.175230991388445E-6    
  10417.900390624998   9.787393225945796E-7    
  10427.900390625      9.90487356710221E-7     
  10437.900390624998   1.4959767502691465E-6   
  10447.900390625      1.2285117410671459E-6   
  10457.900390624998   1.3984381938042247E-6   
  10467.900390625      1.2832318968864479E-6   
  10477.900390624998   1.232981524171715E-6    
  10487.900390625      1.1955990781682473E-6   
  10497.900390624998   7.582288350601141E-7    
  10507.900390625      1.119292255962983E-6    
  10517.900390624998   9.711623305455918E-7    
  10527.900390625      1.0156002337847548E-6   
  10537.900390624998   1.0613153375716267E-6   
  10547.900390625      1.1310247177229664E-6   
  10557.900390624998   8.680305532485002E-7    
  10567.900390625      8.669388641780295E-7    
  10577.900390625      1.0669043939541878E-6   
  10587.900390625      8.624362301944073E-7    
  10597.900390625      1.2026415904429222E-6   
  10607.900390625      1.1422379638124918E-6   
  10617.900390625      1.1947967523247593E-6   
  10627.900390625      9.363177127499404E-7    
  10637.900390625      9.957316497302673E-7    
  10647.900390625      1.1273179640484142E-6   
  10657.900390625      1.3092583472289438E-6   
  10667.900390625      1.4843619814117516E-6   
  10677.900390625      1.191831647798607E-6    
  10687.900390625      8.068788340488246E-7    
  10697.900390625      9.160578921482692E-7    
  10707.900390625      1.1399472704496945E-6   
  10717.900390625      1.1828780547046407E-6   
  10727.900390625      1.1609636165239794E-6   
  10737.900390625      1.059344221379309E-6    
  10747.900390625      1.2325451643914107E-6   
  10757.900390625      8.985683580839098E-7    
  10767.900390625      1.241990097376377E-6    
  10777.900390625      8.619392188867013E-7    
  10787.900390625      8.690790612275396E-7    
  10797.900390625      1.0903667915882537E-6   
  10807.900390625      8.663965479673154E-7    
  10817.900390625      1.0420877901229935E-6   
  10827.900390625      7.685937767559903E-7    
  10837.900390625      9.372619280920813E-7    
  10847.900390625      1.3376913401084353E-6   
  10857.900390625      7.025802615197709E-7    
  10867.900390625      9.655579141164223E-7    
  10877.900390625      1.079454547122985E-6    
  10887.900390625      1.0287761955095366E-6   
  10897.900390625      7.472159500485158E-7    
  10907.900390625      9.678760740752628E-7    
  10917.900390625      9.428551474119334E-7    
  10927.900390625      1.1987741242445854E-6   
  10937.900390625      8.756989825809996E-7    
  10947.900390625      7.18318579224162E-7     
  10957.900390625      9.576254148309584E-7    
  10967.900390625      9.151383158696978E-7    
  10977.900390625      1.005311092892696E-6    
  10987.900390625      1.0290233799840994E-6   
  10997.900390625      8.809573516890341E-7    
  11007.900390625      1.2187365194753076E-6   
  11017.900390625      1.1327963568634333E-6   
  11027.900390625      7.634848822627066E-7    
  11037.900390625      6.926190710907526E-7    
  11047.900390625      1.2494607768574615E-6   
  11057.900390625      1.2865049648705217E-6   
  11067.900390625      1.0888369721478792E-6   
  11077.900390625      8.196776877831266E-7    
  11087.900390625      9.42548572495735E-7     
  11097.900390625      8.258733663258078E-7    
  11107.900390625      7.289714141188838E-7    
  11117.900390625      1.3240911028212525E-6   
  11127.900390625      1.054106820456821E-6    
  11137.900390625      1.071983591831608E-6    
  11147.900390625      1.2402092642271477E-6   
  11157.900390625      8.867989165487038E-7    
  11167.900390625      1.1606885863643094E-6   
  11177.900390625      8.980502601771177E-7    
  11187.900390625      1.0634653700301904E-6   
  11197.900390625      8.923811572213562E-7    
  11207.900390625      8.011368099289265E-7    
  11217.900390625      6.990801137377718E-7    
  11227.900390625      7.885469112129576E-7    
  11237.900390625      1.0569870574120205E-6   
  11247.900390625      8.267558335016345E-7    
  11257.900390625      7.290028131341328E-7    
  11267.900390625      1.0213861937909262E-6   
  11277.900390625      9.852300122107606E-7    
  11287.900390625      1.1005159708901952E-6   
  11297.900390625      1.3533801547192286E-6   
  11307.900390625      1.2221409638585659E-6   
  11317.900390625      1.202052296545851E-6    
  11327.900390625      9.29976540972506E-7     
  11337.900390625      9.62662593567568E-7     
  11347.900390625      1.1081983367138054E-6   
  11357.900390625      8.937559143889405E-7    
  11367.900390625      1.0027467581049115E-6   
  11377.900390625      7.86069913155171E-7     
  11387.900390625002   9.75194136105025E-7     
  11397.900390625      1.0046806195827544E-6   
  11407.900390625002   1.0841039453557574E-6   
  11417.900390625      9.381574427766481E-7    
  11427.900390625002   9.170582722299122E-7    
  11437.900390625      1.0625275557601957E-6   
  11447.900390625002   1.1288957538104742E-6   
  11457.900390625      1.0623085344449185E-6   
  11467.900390625002   9.208739792213537E-7    
  11477.900390625      9.341454786715761E-7    
  11487.900390625002   1.0000819763775806E-6   
  11497.900390625      8.787640249847411E-7    
  11507.900390625002   9.081499791710329E-7    
  11517.900390625      1.0347502420473681E-6   
  11527.900390625002   1.226403531713228E-6    
  11537.900390625      1.2257140319133418E-6   
  11547.900390625002   1.0835604909179693E-6   
  11557.900390625      1.3223681464360734E-6   
  11567.900390625002   1.1918972410555315E-6   
  11577.900390625      1.022508376425559E-6    
  11587.900390625002   1.0398693635280104E-6   
  11597.900390625      8.468661735993869E-7    
  11607.900390624998   1.1158615079256927E-6   
  11617.900390625      8.877296825421302E-7    
  11627.900390624998   1.2860602074735008E-6   
  11637.900390625      1.1146516985621087E-6   
  11647.900390624998   1.1243576261102257E-6   
  11657.900390625      8.405240898587441E-7    
  11667.900390624998   1.3151325326573789E-6   
  11677.900390625      1.017223600670481E-6    
  11687.900390624998   1.1435048427541201E-6   
  11697.900390625      1.4446948055182317E-6   
  11707.900390624998   1.1491675749981665E-6   
  11717.900390625      1.0470845796131002E-6   
  11727.900390624998   1.140537600787317E-6    
  11737.900390625      1.1550039189244602E-6   
  11747.900390624998   1.3010240095268277E-6   
  11757.900390625      1.2843290528801785E-6   
  11767.900390624998   1.4921204125302354E-6   
  11777.900390625      1.3202219765693808E-6   
  11787.900390624998   1.1953036503227226E-6   
  11797.900390625      1.1431416383937375E-6   
  11807.900390624998   1.2770804135451023E-6   
  11817.900390625      9.97955013272697E-7     
  11827.900390625      1.1356631309014403E-6   
  11837.900390625      1.1183014496550263E-6   
  11847.900390625      9.502508553807423E-7    
  11857.900390625      9.693928694044039E-7    
  11867.900390625      1.0923624497457345E-6   
  11877.900390625      1.108342432852857E-6    
  11887.900390625      1.088122230354011E-6    
  11897.900390625      1.1111249092729778E-6   
  11907.900390625      1.0655078625310765E-6   
  11917.900390625      9.726650270146159E-7    
  11927.900390625      8.186614016064933E-7    
  11937.900390625      1.1629740330950566E-6   
  11947.900390625      1.1046195268873577E-6   
  11957.900390625      1.3586916081637508E-6   
  11967.900390625      1.3398007469750963E-6   
  11977.900390625      1.0968219314520467E-6   
  11987.900390625      1.0316656871514746E-6   
  11997.900390625      1.3395366725306285E-6   
  12007.900390625      1.2940055512975133E-6   
  12017.900390625      1.418747613285208E-6    
  12027.900390625      1.5869996992438156E-6   
  12037.900390625      1.1210378935573456E-6   
  12047.900390625      1.6797494888139361E-6   
  12057.900390625      1.4374168773937489E-6   
  12067.900390625      1.3000410057982051E-6   
  12077.900390625      1.3490763727124532E-6   
  12087.900390625      1.2330825806165174E-6   
  12097.900390625      1.3975201836629013E-6   
  12107.900390625      1.1913068407863229E-6   
  12117.900390625      1.4374290499144341E-6   
  12127.900390625      1.4998339310779674E-6   
  12137.900390625      1.2418674271501667E-6   
  12147.900390625      1.5976658623187948E-6   
  12157.900390625      1.3134384245742683E-6   
  12167.900390625      1.2594119583887912E-6   
  12177.900390625      1.47929307137209E-6     
  12187.900390625      1.564472807672051E-6    
  12197.900390625      1.8755968986321276E-6   
  12207.900390625      1.6525229570777411E-6   
  12217.900390625      1.6739471310768964E-6   
  12227.900390625      1.7878851512301275E-6   
  12237.900390625      1.7293371492725486E-6   
  12247.900390625      1.7356063591045008E-6   
  12257.900390625      1.918471117929644E-6    
  12267.900390625      1.971786590043566E-6    
  12277.900390625      2.074685942638296E-6    
  12287.900390625      1.901865844861417E-6    
  12297.900390625      2.04438219487127E-6     
  12307.900390625      2.2228658395922905E-6   
  12317.900390625      2.0665691557875317E-6   
  12327.900390625      1.779054542406252E-6    
  12337.900390625      2.218403838166388E-6    
  12347.900390625      2.174720043638997E-6    
  12357.900390625      2.2488021183627442E-6   
  12367.900390625      2.423704734536594E-6    
  12377.900390625      2.685472802841639E-6    
  12387.900390625      2.6944632682337357E-6   
  12397.900390625      3.0325392263752356E-6   
  12407.900390625      2.866332822988104E-6    
  12417.900390625      3.2238843733662635E-6   
  12427.900390625      3.6469753293979125E-6   
  12437.900390625      3.1526832086547526E-6   
  12447.900390625      3.7441380987734243E-6   
  12457.900390625      3.9118261568295595E-6   
  12467.900390625      4.242861645176912E-6    
  12477.900390625      4.5820719221084085E-6   
  12487.900390625      4.748197232713544E-6    
  12497.900390625      5.30019707792224E-6     
  12507.900390625      5.57740519614173E-6     
  12517.900390625      6.322431544380426E-6    
  12527.900390625      6.7270036741834094E-6   
  12537.900390625      7.152710410615983E-6    
  12547.900390625      8.0463560066872E-6      
  12557.900390625      8.708743277043353E-6    
  12567.900390625      9.397643918369768E-6    
  12577.900390625      1.0065388296780667E-5   
  12587.900390625      1.1071213283506331E-5   
  12597.900390625      1.1986625216923759E-5   
  12607.900390625      1.3328037017388502E-5   
  12617.900390625      1.4277104701421228E-5   
  12627.900390625      1.6126730692327493E-5   
  12637.900390625002   1.765801642292766E-5    
  12647.900390625      1.9366367884260412E-5   
  12657.900390625002   2.155403166705192E-5    
  12667.900390625      2.3731446627478447E-5   
  12677.900390625002   2.6388440090474956E-5   
  12687.900390625      2.9119047846835818E-5   
  12697.900390625002   3.228996952060261E-5    
  12707.900390625      3.66015207961237E-5     
  12717.900390625002   4.073831306360855E-5    
  12727.900390625      4.614195629704202E-5    
  12737.900390625002   5.1753613523624364E-5   
  12747.900390625      5.8802817491897855E-5   
  12757.900390625002   6.689499428688855E-5    
  12767.900390625      7.641064998628534E-5    
  12777.900390625002   8.696668145664099E-5    
  12787.900390625      9.951493756042243E-5    
  12797.900390625002   1.1401783675364085E-4   
  12807.900390625      1.309037187604889E-4    
  12817.900390625002   1.5055284262782866E-4   
  12827.900390625      1.727603849458284E-4    
  12837.900390625002   1.9826488291513057E-4   
  12847.900390625      2.2733776893520244E-4   
  12857.900390624998   2.615161979376222E-4    
  12867.900390625      3.0263124127207224E-4   
  12877.900390624998   3.4627577266859767E-4   
  12887.900390625      4.019402515721173E-4    
  12897.900390624998   4.667037595583058E-4    
  12907.900390625      5.394735042446664E-4    
  12917.900390624998   6.251614538091677E-4    
  12927.900390625      7.381845023584023E-4    
  12937.900390624998   8.60926434572543E-4     
  12947.900390625      0.0010068757892805046   
  12957.900390624998   0.001201385610469506    
  12967.900390625      0.001421811494727458    
  12977.900390624998   0.001693818845051315    
  12987.900390625      0.0020439675247052565   
  12997.900390624998   0.0024613868635070487   
  13007.900390625      0.0029722888411058282   
  13017.900390624998   0.003618021935902567    
  13027.900390625      0.004412969977472923    
  13037.900390624998   0.005357645104052478    
  13047.900390625      0.0064943729560682515   
  13057.900390624998   0.007803389144560415    
  13067.900390625      0.009026627054090058    
  13077.900390625      0.009894386672748764    
  13087.900390625      0.01098512812265304     
  13097.900390625      0.011942171344113902    
  13107.900390625      0.013079120343941118    
  13117.900390625      0.014516547376187789    
  13127.900390625      0.016274779651532192    
  13137.900390625      0.018140482733099872    
  13147.900390625      0.020708033219979258    
  13157.900390625      0.02289070494075643     
  13167.900390625      0.02622772323544009     
  13177.900390625      0.029724066868627524    
  13187.900390625      0.03469168166229634     
  13197.900390625      0.04007395974790935     
  13207.900390625      0.04754863092175211     
  13217.900390625      0.05569049218147429     
  13227.900390625      0.06595806880067659     
  13237.900390625      0.07694761410984155     
  13247.900390625      0.091265543180237       
  13257.900390625      0.10527282821351502     
  13267.900390625      0.12261919976436153     
  13277.900390625      0.14144212512427795     
  13287.900390625      0.16315304935131328     
  13297.900390625      0.18632794442100178     
  13307.900390625      0.21141163547043096     
  13317.900390625      0.23601852452018746     
  13327.900390625      0.26066797688925114     
  13337.900390625      0.28475383029350604     
  13347.900390625      0.30602489694348994     
  13357.900390625      0.3248488203859418      
  13367.900390625      0.3406039678064793      
  13377.900390625      0.3538101733308813      
  13387.900390625      0.3635840379172428      
  13397.900390625      0.37087187020385237     
  13407.900390625      0.3759962074382149      
  13417.900390625      0.3793464981613912      
  13427.900390625      0.3817222588756654      
  13437.900390625      0.38515256951481514     
  13447.900390625      0.38440827296754765     
  13457.900390625      0.38597056855837697     
  13467.900390625      0.388144829370785       
  13477.900390625      0.3885803249176871      
  13487.900390625      0.3898355314611903      
  13497.900390625      0.39062829144147126     
  13507.900390625      0.3924132910438932      
  13517.900390625      0.39288716529246487     
  13527.900390625      0.3931849421553375      
  13537.900390625      0.3945775075246311      
  13547.900390625      0.39376158929802296     
  13557.900390625      0.39439082835479894     
  13567.900390625      0.39437413365315666     
  13577.900390625      0.39390969137474796     
  13587.900390625      0.393781746754867       
  13597.900390625      0.3933192729536214      
  13607.900390625      0.392614427647653       
  13617.900390625      0.39198204354033406     
  13627.900390625      0.3907990888337506      
  13637.900390625      0.39104403428239953     
  13647.900390625      0.3918156917745441      
  13657.900390625      0.3918514351970739      
  13667.900390625      0.390566112052353       
  13677.900390625      0.3902297522439293      
  13687.900390625      0.3911937231152151      
  13697.900390625      0.39088301954835625     
  13707.900390625      0.39194974996737497     
  13717.900390625      0.3918046514927933      
  13727.900390625      0.39081373567831745     
  13737.900390625      0.3908278146951521      
  13747.900390625      0.390674297342819       
  13757.900390625      0.3908311508643424      
  13767.900390625      0.3905712910280146      
  13777.900390625      0.39069886577468727     
  13787.900390625      0.3902579206108666      
  13797.900390625      0.3897780793909136      
  13807.900390625      0.3889639015507344      
  13817.900390625      0.3889342930437108      
  13827.900390625      0.39030461991231846     
  13837.900390625      0.3895723995175412      
  13847.900390625      0.3892600285401821      
  13857.900390625      0.38955640291938887     
  13867.900390625      0.38958719908243566     
  13877.900390625      0.3883298438354009      
  13887.900390625002   0.3887508832870723      
  13897.900390625      0.38972362227035195     
  13907.900390625002   0.3902492592754019      
  13917.900390625      0.3896949478787646      
  13927.900390625002   0.39093946402255864     
  13937.900390625      0.39075229313812615     
  13947.900390625002   0.39169429571564685     
  13957.900390625      0.3922993078820496      
  13967.900390625002   0.39260245172266517     
  13977.900390625      0.39438778845129824     
  13987.900390625002   0.3946539629291211      
  13997.900390625      0.3948575359959108      
  14007.900390625002   0.396593037361777       
  14017.900390625      0.39707263730462133     
  14027.900390625002   0.39776216861451374     
  14037.900390625      0.3987748974142553      
  14047.900390625002   0.39918222131198833     
  14057.900390625      0.40077602658165096     
  14067.900390625002   0.4010687120364679      
  14077.900390625      0.40104015587334657     
  14087.900390625002   0.4023243515142235      
  14097.900390625      0.4033945068880195      
  14107.900390624998   0.402741250349616       
  14117.900390625      0.40442487662085747     
  14127.900390624998   0.40512926415027717     
  14137.900390625      0.4065789125548582      
  14147.900390624998   0.4065829111514314      
  14157.900390625      0.4073864146280777      
  14167.900390624998   0.4085207850948325      
  14177.900390625      0.4079317426026064      
  14187.900390624998   0.4096956800331208      
  14197.900390625      0.40970913171220524     
  14207.900390624998   0.41005608954561446     
  14217.900390625      0.41158380996576643     
  14227.900390624998   0.41180466097647145     
  14237.900390625      0.41297205126646563     
  14247.900390624998   0.41318390868817967     
  14257.900390625      0.41237334099850276     
  14267.900390624998   0.41373200349315065     
  14277.900390625      0.413861954094196       
  14287.900390624998   0.4139108495855609      
  14297.900390625      0.4161242530168262      
  14307.900390624998   0.4163254986253414      
  14317.900390625      0.4169815250933898      
  14327.900390625      0.41610934455347387     
  14337.900390625      0.41653906896877585     
  14347.900390625      0.4174038686617883      
  14357.900390625      0.41689648545588126     
  14367.900390625      0.41690262098486786     
  14377.900390625      0.4180772874473866      
  14387.900390625      0.41819966502361694     
  14397.900390625      0.41812062339397293     
  14407.900390625      0.4192595007198411      
  14417.900390625      0.4184810952161831      
  14427.900390625      0.41916864820394795     
  14437.900390625      0.41975843612095975     
  14447.900390625      0.4202735541415282      
  14457.900390625      0.41937297589257244     
  14467.900390625      0.42009433544016617     
  14477.900390625      0.4198202267517572      
  14487.900390625      0.4213723308828848      
  14497.900390625      0.42025408478098164     
  14507.900390625      0.4201315118529826      
  14517.900390625      0.4212327474573483      
  14527.900390625      0.4211281545858263      
  14537.900390625      0.41952300506312423     
  14547.900390625      0.4185562418676536      
  14557.900390625      0.4197720314298461      
  14567.900390625      0.41862697939785565     
  14577.900390625      0.4184101383967036      
  14587.900390625      0.4189166138179866      
  14597.900390625      0.41804398665968323     
  14607.900390625      0.41628086808139264     
  14617.900390625      0.41509213731376227     
  14627.900390625      0.4147807833339247      
  14637.900390625      0.4142895092212357      
  14647.900390625      0.4143983242673569      
  14657.900390625      0.41446556888628067     
  14667.900390625      0.4125236289913618      
  14677.900390625      0.4123192316596461      
  14687.900390625      0.41232669719731196     
  14697.900390625      0.4112721877231015      
  14707.900390625      0.4097552492333394      
  14717.900390625      0.4094303292300152      
  14727.900390625      0.4102621008404293      
  14737.900390625      0.40884256253512596     
  14747.900390625      0.41066644292957327     
  14757.900390625      0.40960625746397483     
  14767.900390625      0.4101582576618992      
  14777.900390625      0.4103111952312214      
  14787.900390625      0.4104770892297864      
  14797.900390625      0.41073241592012655     
  14807.900390625      0.4102695894211751      
  14817.900390625      0.4109299652695817      
  14827.900390625      0.4116495204142996      
  14837.900390625      0.4115926386236463      
  14847.900390625      0.41305183486017916     
  14857.900390625      0.4155803033272678      
  14867.900390625      0.414759081469982       
  14877.900390625      0.41581003351169027     
  14887.900390625      0.416324154203856       
  14897.900390625      0.4169099203495835      
  14907.900390625      0.4176575749133053      
  14917.900390625      0.41947206455427866     
  14927.900390625      0.4198250176584236      
  14937.900390625      0.4202847529522825      
  14947.900390625      0.421116439220501       
  14957.900390625      0.4224392425472026      
  14967.900390625      0.4236194000915622      
  14977.900390625      0.4233862760521371      
  14987.900390625      0.4244157706388293      
  14997.900390625      0.42690280306067185     
  15007.900390625      0.42741480516162206     
  15017.900390625      0.42741354112438784     
  15027.900390625      0.427733692650616       
  15037.900390625      0.42930906002405356     
  15047.900390625      0.4297393278407635      
  15057.900390625      0.4303407334770646      
  15067.900390625      0.4318871507791656      
  15077.900390625      0.4319188384793723      
  15087.900390625      0.43319589069843223     
  15097.900390625      0.4343117793902991      
  15107.900390625      0.43502444035347665     
  15117.900390625      0.4346908530355154      
  15127.900390625      0.43614165125375126     
  15137.900390625002   0.43669022593245965     
  15147.900390625      0.4356492358917313      
  15157.900390625002   0.43645872764328597     
  15167.900390625      0.4366232070516271      
  15177.900390625002   0.4379999456771012      
  15187.900390625      0.43636927337264186     
  15197.900390625002   0.43756702718690066     
  15207.900390625      0.4367413282986546      
  15217.900390625002   0.4360048025112827      
  15227.900390625      0.43814048108699427     
  15237.900390625002   0.4365154936835055      
  15247.900390625      0.43549529508687823     
  15257.900390625002   0.43619054531729506     
  15267.900390625      0.43645931284056577     
  15277.900390625002   0.4361011930607419      
  15287.900390625      0.4354502576644379      
  15297.900390625002   0.4339186032327893      
  15307.900390625      0.4354202642578565      
  15317.900390625002   0.434427772211435       
  15327.900390625      0.43405582528561537     
  15337.900390625002   0.4328128372685115      
  15347.900390625      0.4333834535388073      
  15357.900390624998   0.43334819629475374     
  15367.900390625      0.432481231025311       
  15377.900390624998   0.4336035535803613      
  15387.900390625      0.4327156805418292      
  15397.900390624998   0.4317181752005157      
  15407.900390625      0.4315341932200747      
  15417.900390624998   0.43153860748031453     
  15427.900390625      0.4312838760190517      
  15437.900390624998   0.43176476166570543     
  15447.900390625      0.4307561783360444      
  15457.900390624998   0.4308208564262481      
  15467.900390625      0.430975734552159       
  15477.900390624998   0.4303847415544256      
  15487.900390625      0.43189979671598444     
  15497.900390624998   0.4295871036016517      
  15507.900390625      0.4305173508890193      
  15517.900390624998   0.4285517971889209      
  15527.900390625      0.4298015901309551      
  15537.900390624998   0.4285381914764256      
  15547.900390625      0.4293917273688202      
  15557.900390624998   0.4274701920373656      
  15567.900390625      0.4266180073161414      
  15577.900390625      0.42640363775423884     
  15587.900390625      0.4263928605920675      
  15597.900390625      0.42639450710117865     
  15607.900390625      0.42563059589714136     
  15617.900390625      0.42639964929341456     
  15627.900390625      0.42430233981708687     
  15637.900390625      0.4254803646568953      
  15647.900390625      0.42513795344130245     
  15657.900390625      0.42534102512686045     
  15667.900390625      0.426257339332342       
  15677.900390625      0.42632583092321075     
  15687.900390625      0.42673145877781626     
  15697.900390625      0.42722584349646475     
  15707.900390625      0.42745021750631296     
  15717.900390625      0.42853656422330066     
  15727.900390625      0.43094521099763655     
  15737.900390625      0.43000637384903984     
  15747.900390625      0.43215715481571776     
  15757.900390625      0.43175069479964356     
  15767.900390625      0.43406743511709983     
  15777.900390625      0.4347961420649443      
  15787.900390625      0.4346109594707116      
  15797.900390625      0.4364821776666207      
  15807.900390625      0.43776738604323795     
  15817.900390625      0.43817242040353976     
  15827.900390625      0.4392169514074382      
  15837.900390625      0.4407081556470116      
  15847.900390625      0.4421394465743206      
  15857.900390625      0.4425093336015429      
  15867.900390625      0.44130581042369604     
  15877.900390625      0.4431073437699161      
  15887.900390625      0.44246776578418        
  15897.900390625      0.44366159799035143     
  15907.900390625      0.44359787908881        
  15917.900390625      0.44480758731987935     
  15927.900390625      0.44526360876612925     
  15937.900390625      0.44491715370230306     
  15947.900390625      0.44432255423362976     
  15957.900390625      0.44465049447271543     
  15967.900390625      0.44645714749559506     
  15977.900390625      0.4460490396574569      
  15987.900390625      0.44611960245479565     
  15997.900390625      0.4444488261013109      
  16007.900390625      0.447120658239771       
  16017.900390625      0.4461157810609915      
  16027.900390625      0.44619082258592035     
  16037.900390625      0.4458117438936482      
  16047.900390625      0.4471598628221991      
  16057.900390625      0.4470931018263403      
  16067.900390625      0.44723027158303374     
  16077.900390625      0.4468558506127187      
  16087.900390625      0.44647053194151776     
  16097.900390625      0.4469526319624332      
  16107.900390625      0.4469273173636941      
  16117.900390625      0.4472382184918364      
  16127.900390625      0.44600730146871914     
  16137.900390625      0.4470823815758057      
  16147.900390625      0.44724877015901826     
  16157.900390625      0.44772279146564736     
  16167.900390625      0.44785387040842745     
  16177.900390625      0.4489518014787525      
  16187.900390625      0.44583932143339244     
  16197.900390625      0.44738367543119095     
  16207.900390625      0.4452670779374266      
  16217.900390625      0.4470401594087246      
  16227.900390625      0.44534865912910154     
  16237.900390625      0.44544417425511124     
  16247.900390625      0.44487235762168237     
  16257.900390625      0.44431359657089287     
  16267.900390625      0.4430650634362862      
  16277.900390625      0.44436717693021255     
  16287.900390625      0.44350373846473445     
  16297.900390625      0.4421733220087078      
  16307.900390625      0.44243908096599704     
  16317.900390625      0.44277458832123584     
  16327.900390625      0.4434599032909794      
  16337.900390625      0.4424845741838799      
  16347.900390625      0.4428390006275685      
  16357.900390625      0.44422930249421033     
  16367.900390625      0.4439328173237087      
  16377.900390625      0.4445836342578537      
  16387.900390625      0.4442948966503123      
  16397.900390625      0.4456707677766836      
  16407.900390625      0.44469567638455587     
  16417.900390625      0.44566272275512253     
  16427.900390625      0.44551221746974856     
  16437.900390625      0.4463436453696243      
  16447.900390625      0.4433589922363985      
  16457.900390625      0.44656323225626965     
  16467.900390625      0.44621261769581677     
  16477.900390625      0.4479687668823709      
  16487.900390625      0.4471729662036308      
  16497.900390625      0.4479845796973973      
  16507.900390625      0.4490347676099688      
  16517.900390625      0.4493028423871036      
  16527.900390625      0.45142835275974347     
  16537.900390625      0.45187474494835833     
  16547.900390625      0.45176042121708937     
  16557.900390625      0.4492970032046585      
  16567.900390625      0.4479515294478078      
  16577.900390625      0.444600168111431       
  16587.900390625      0.4379256189437659      
  16597.900390625      0.4280647833980925      
  16607.900390625      0.41686842223886833     
  16617.900390625      0.39986564676623493     
  16627.900390625      0.3806681040553239      
  16637.900390625      0.35545148290410544     
  16647.900390625      0.3301754254715195      
  16657.900390625      0.3030558589327117      
  16667.900390625      0.27350789096793493     
  16677.900390625      0.24576494936121765     
  16687.900390625      0.2165489678657916      
  16697.900390625      0.1884437647401294      
  16707.900390625      0.1642947440337072      
  16717.900390625      0.1407514325575046      
  16727.900390625      0.12059253388415585     
  16737.900390625      0.10286028736159197     
  16747.900390625      0.08852661701734903     
  16757.900390625      0.07736265222864093     
  16767.900390625      0.0672326946449199      
  16777.900390625      0.05937642290897076     
  16787.900390625      0.05157539305848029     
  16797.900390625      0.045360094110845364    
  16807.900390625      0.03987098468548087     
  16817.900390625      0.03573565002927133     
  16827.900390625      0.03134853053975628     
  16837.900390625      0.02797125237016776     
  16847.900390625      0.02441293914796394     
  16857.900390625      0.020838576951059444    
  16867.900390625      0.017704645623133067    
  16877.900390625      0.014912657597169619    
  16887.900390625      0.012457145435628598    
  16897.900390625      0.010511754454663076    
  16907.900390625      0.008844560409309313    
  16917.900390625      0.0074639694097840764   
  16927.900390625      0.006252302776235637    
  16937.900390625      0.005303087571025162    
  16947.900390625      0.0044808652480349586   
  16957.900390625      0.0037761416243396627   
  16967.900390625      0.0032280469549357876   
  16977.900390625      0.0027369991219488516   
  16987.900390625      0.0023354529066089043   
  16997.900390625      0.0020025269935596743   
  17007.900390625      0.0017262674770584683   
  17017.900390625      0.0014790766203966275   
  17027.900390625      0.0012784034668978737   
  17037.900390625      0.001107533968766563    
  17047.900390625      9.584597469339134E-4    
  17057.900390625      8.373619521968693E-4    
  17067.900390625      7.316847638835991E-4    
  17077.900390625      6.391227565242493E-4    
  17087.900390625      5.604014891106371E-4    
  17097.900390625      4.937446718376412E-4    
  17107.900390625      4.3456123345550837E-4   
  17117.900390625      3.8337316089901916E-4   
  17127.900390625      3.413184865410946E-4    
  17137.900390625      3.002901978901042E-4    
  17147.900390625      2.690393281854847E-4    
  17157.900390625      2.3967795179995625E-4   
  17167.900390625      2.148880816491341E-4    
  17177.900390625      1.9174890472410124E-4   
  17187.900390625      1.7278750173747498E-4   
  17197.900390625      1.5573477579217191E-4   
  17207.900390625      1.4065714161861717E-4   
  17217.900390625      1.2787302789926764E-4   
  17227.900390625      1.1467052852366538E-4   
  17237.900390625      1.0472518678452494E-4   
  17247.900390625      9.497848309101184E-5    
  17257.900390625      8.694111319641778E-5    
  17267.900390625      7.807525066017864E-5    
  17277.900390625      7.267979781140166E-5    
  17287.900390625      6.509470530109212E-5    
  17297.900390625      6.0693782935703476E-5   
  17307.900390625      5.57205173707973E-5     
  17317.900390625      5.046795533943449E-5    
  17327.900390625      4.7438513714012954E-5   
  17337.900390625      4.17925761372702E-5     
  17347.900390625      3.954174441050174E-5    
  17357.900390625      3.635468919264867E-5    
  17367.900390625      3.333311952986743E-5    
  17377.900390625      3.1655782841605946E-5   
  17387.900390625      2.9198253734970393E-5   
  17397.900390625      2.6921715414980914E-5   
  17407.900390625      2.470434913958107E-5    
  17417.900390625      2.288459372994757E-5    
  17427.900390625      2.1320244917582864E-5   
  17437.900390625      2.045313849198607E-5    
  17447.900390625      1.8545773726833538E-5   
  17457.900390625      1.790353969699865E-5    
  17467.900390625      1.626360854513285E-5    
  17477.900390625      1.5961448549181462E-5   
  17487.900390625      1.5337263142527986E-5   
  17497.900390625      1.3774419551924382E-5   
  17507.900390625      1.3265257858893979E-5   
  17517.900390625      1.234386042520447E-5    
  17527.900390625      1.1341034716178319E-5   
  17537.900390625      1.0866937445422528E-5   
  17547.900390625      1.0896278927041912E-5   
  17557.900390625      9.772044320833391E-6    
  17567.900390625      9.62387115647585E-6     
  17577.900390625      8.84863209644549E-6     
  17587.900390625      9.229611588390492E-6    
  17597.900390625      7.677116185883659E-6    
  17607.900390625      9.09631337994382E-6     
  17617.900390625      7.172831110173556E-6    
  17627.900390625      6.923955471673905E-6    
  17637.900390625      7.5849384918389675E-6   
  17647.900390625      6.937490716852938E-6    
  17657.900390625      7.4393109512575045E-6   
  17667.900390625      6.203792129281246E-6    
  17677.900390625      6.359696061558234E-6    
  17687.900390625      4.964218955613987E-6    
  17697.900390625      6.855075065400581E-6    
  17707.900390625      5.997581693231609E-6    
  17717.900390625      5.226308295853512E-6    
  17727.900390625      5.868272897796783E-6    
  17737.900390625      5.221892740340304E-6    
  17747.900390625      5.023154261841313E-6    
  17757.900390625      5.009961592557644E-6    
  17767.900390625      5.625141624911725E-6    
  17777.900390625      5.821766684432999E-6    
  17787.900390625      5.885250188356728E-6    
  17797.900390625      5.008964152756982E-6    
  17807.900390625      4.082973428774584E-6    
  17817.900390625      5.129188239503357E-6    
  17827.900390625      4.286254592298157E-6    
  17837.900390625      5.033305306784522E-6    
  17847.900390625      4.643096461900012E-6    
  17857.900390625      5.361027757234585E-6    
  17867.900390625      4.763605283681994E-6    
  17877.900390625      5.068603359275842E-6    
  17887.900390625      4.549283559650954E-6    
  17897.900390625      5.410617550905292E-6    
  17907.900390625      4.6690759395843155E-6   
  17917.900390625      4.686945381214382E-6    
  17927.900390625      4.937097008164416E-6    
  17937.900390625      4.507543434101137E-6    
  17947.900390625      4.808831490912378E-6    
  17957.900390625      5.367938346697538E-6    
  17967.900390625      3.873411943819069E-6    
  17977.900390625      4.467735733679947E-6    
  17987.900390625      3.62750568935629E-6     
  17997.900390625      3.4563246415981427E-6   
  18007.900390625      4.5504337291257644E-6   
  18017.900390625      5.438147707942719E-6    
  18027.900390625      4.8620787673653195E-6   
  18037.900390625      5.073815069107461E-6    
  18047.900390625      3.3203624424780988E-6   
  18057.900390625      3.993432030636427E-6    
  18067.900390625      4.786509002778063E-6    
  18077.900390625      5.03522331436947E-6     
  18087.900390625      5.101276185329036E-6    
  18097.900390625      4.985085686062397E-6    
  18107.900390625      5.623310738629247E-6    
  18117.900390625      5.548489433571972E-6    
  18127.900390625      4.514428587165635E-6    
  18137.900390625      4.653760868104775E-6    
  18147.900390625      4.879243700739465E-6    
  18157.900390625      4.44769605143478E-6     
  18167.900390625      4.289967277110502E-6    
  18177.900390625      4.975434028778384E-6    
  18187.900390625      5.492268463511503E-6    
  18197.900390625      4.796619467645942E-6    
  18207.900390625      4.404309707669149E-6    
  18217.900390625      4.871021726245489E-6    
  18227.900390625      4.905312861200086E-6    
  18237.900390625      5.663701593007676E-6    
  18247.900390625      4.722340847939891E-6    
  18257.900390625      5.721827572919203E-6    
  18267.900390625      4.2267463657743025E-6   
  18277.900390625      3.815773431439715E-6    
  18287.900390625      5.605426750018241E-6    
  18297.900390625      4.9349500321110725E-6   
  18307.900390625      5.618829735014582E-6    
  18317.900390625      4.069886950408695E-6    
  18327.900390625      4.806928687266514E-6    
  18337.900390625      3.608053057292947E-6    
  18347.900390625      5.742427583683289E-6    
  18357.900390625      5.003725508644363E-6    
  18367.900390625      4.618453813841009E-6    
  18377.900390625      3.34180316884802E-6     
  18387.900390625      5.625127750149237E-6    
  18397.900390625      3.957959693062078E-6    
  18407.900390625      5.504176470182571E-6    
  18417.900390625      3.6764364924120518E-6   
  18427.900390625      5.055560205406521E-6    
  18437.900390625      5.5502751868076896E-6   
  18447.900390625      4.434585153100619E-6    
  18457.900390625      3.71233494198376E-6     
  18467.900390625      5.760003951677246E-6    
  18477.900390625      6.272398403390895E-6    
  18487.900390625      4.16916536414841E-6     
  18497.900390625      6.3888755879939224E-6   
  18507.900390625      4.893776692698558E-6    
  18517.900390625      6.234270550978117E-6    
  18527.900390625      4.848543811060149E-6    
  18537.900390625      4.4396393356874815E-6   
  18547.900390625      5.189302881072675E-6    
  18557.900390625      6.926452897883897E-6    
  18567.900390625      5.115604250815356E-6    
  18577.900390625      4.198584348962921E-6    
  18587.900390625      6.05774783980289E-6     
  18597.900390625      3.5642930348396636E-6   
  18607.900390625      5.83031436796806E-6     
  18617.900390625      5.377814934573778E-6    
  18627.900390625      5.708384648874769E-6    
  18637.900390625      5.212876742959251E-6    
  18647.900390625      6.654527142884767E-6    
  18657.900390625      4.870844236348895E-6    
  18667.900390625      4.616592118786475E-6    
  18677.900390625      6.840453370179694E-6    
  18687.900390625      5.446702853939145E-6    
  18697.900390625      5.6207936880793115E-6   
  18707.900390625      5.850894227121379E-6    
  18717.900390625      5.427081806556613E-6    
  18727.900390625      3.292693013162242E-6    
  18737.900390625      3.7719675281461856E-6   
  18747.900390625      4.430244717892825E-6    
  18757.900390625      4.8827819988145765E-6   
  18767.900390625      6.2600682718459346E-6   
  18777.900390625      6.2928745495677546E-6   
  18787.900390625      5.889854454243592E-6    
  18797.900390625      4.915391571312747E-6    
  18807.900390625      4.760486990488564E-6    
  18817.900390625      4.136042189527425E-6    
  18827.900390625      5.47517322073985E-6     
  18837.900390625      4.685396570135539E-6    
  18847.900390625      7.361872640078578E-6    
  18857.900390625      4.996675887586643E-6    
  18867.900390625      5.693626119703454E-6    
  18877.900390625      5.438054186085404E-6    
  18887.900390625      5.1781732907527464E-6   
  18897.900390625      5.354474746935965E-6    
  18907.900390625      4.987847239883824E-6    
  18917.900390625      6.04086474420412E-6     
  18927.900390625      5.092300519118184E-6    
  18937.900390625      5.099847498374855E-6    
  18947.900390625      5.0113134667333765E-6   
  18957.900390625      6.784959873227658E-6    
  18967.900390625      5.0867418937868845E-6   
  18977.900390625      6.839949062108101E-6    
  18987.900390625      5.217670485379624E-6    
  18997.900390625      4.722746186222349E-6    
  19007.900390625      4.333311104090594E-6    
  19017.900390625      5.517175620581953E-6    
  19027.900390625      6.673341950565803E-6    
  19037.900390625      4.609645175263516E-6    
  19047.900390625      5.097187998716938E-6    
  19057.900390625      5.261862201146619E-6    
  19067.900390625      5.753043112032262E-6    
  19077.900390625      6.052120561347915E-6    
  19087.900390625      4.133931589954545E-6    
  19097.900390625      6.251999954720342E-6    
  19107.900390625      5.934626082466327E-6    
  19117.900390625      5.403862988380076E-6    
  19127.900390625      6.941606609359102E-6    
  19137.900390625      4.834451322468552E-6    
  19147.900390625      4.611936939958373E-6    
  19157.900390625      5.609192963876629E-6    
  19167.900390625      4.898296011011548E-6    
  19177.900390625      5.399617235627852E-6    
  19187.900390625      5.400896006296454E-6    
  19197.900390625      6.48969043461088E-6     
  19207.900390625      6.274117819962496E-6    
  19217.900390625      6.591667746606715E-6    
  19227.900390625      6.508454626585849E-6    
  19237.900390625      4.856626966577939E-6    
  19247.900390625      6.052433321235162E-6    
  19257.900390625      4.552234216448522E-6    
  19267.900390625      6.117587039678128E-6    
  19277.900390625      5.769555760659329E-6    
  19287.900390625      5.135501126243326E-6    
  19297.900390625      4.927301670264846E-6    
  19307.900390625      6.121684878254994E-6    
  19317.900390625      4.770152072947678E-6    
  19327.900390625      4.215570216843015E-6    
  19337.900390625      6.343352058704011E-6    
  19347.900390625      5.8981666302229975E-6   
  19357.900390625      6.490931330828207E-6    
  19367.900390625      6.018088404464227E-6    
  19377.900390625      6.453836135154538E-6    
  19387.900390625      4.3338508158659355E-6   
  19397.900390625      6.061945219197587E-6    
  19407.900390625      6.27949432532256E-6     
  19417.900390625      6.571840998955867E-6    
  19427.900390625      6.351998577296914E-6    
  19437.900390625      5.96896667885656E-6     
  19447.900390625      8.970536710812089E-6    
  19457.900390625      6.1011796193917426E-6   
  19467.900390625      7.0988370356228296E-6   
  19477.900390625      7.147442518084852E-6    
  19487.900390625      4.799722762953851E-6    
  19497.900390625      7.156241925499418E-6    
  19507.900390625      7.172169369365516E-6    
  19517.900390625      5.256156606128317E-6    
  19527.900390625      6.732593606422535E-6    
  19537.900390625      5.5724528154426925E-6   
  19547.900390625      5.298228526247993E-6    
  19557.900390625      5.677406211676697E-6    
  19567.900390625      5.4737009391975754E-6   
  19577.900390625      6.948707679722006E-6    
  19587.900390625      5.82253555709722E-6     
  19597.900390625      6.1775992771199735E-6   
  19607.900390625      5.53725008838663E-6     
  19617.900390625      6.168338347787806E-6    
  19627.900390625      5.337537249693048E-6    
  19637.900390625      5.058608883710944E-6    
  19647.900390625      5.859506503186443E-6    
  19657.900390625      6.5703502110222386E-6   
  19667.900390625      6.041469835385714E-6    
  19677.900390625      5.45908639929775E-6     
  19687.900390625      7.015592318150372E-6    
  19697.900390625      6.289624115019301E-6    
  19707.900390625      6.557371900273942E-6    
  19717.900390625      6.21455922752789E-6     
  19727.900390625      5.88975797597011E-6     
  19737.900390625      5.927557533803627E-6    
  19747.900390625      6.716947457198636E-6    
  19757.900390625      5.0615040245223296E-6   
  19767.900390625      5.9095410212367546E-6   
  19777.900390625      5.9633503233646E-6      
  19787.900390625      6.514434298074407E-6    
  19797.900390625      6.3104331719689E-6      
  19807.900390625      5.147861107324783E-6    
  19817.900390625      5.7132569446080025E-6   
  19827.900390625      7.965809724809639E-6    
  19837.900390625      6.470707495750686E-6    
  19847.900390625      6.294137359301067E-6    
  19857.900390625      5.5233165557621324E-6   
  19867.900390625      5.339606374348122E-6    
  19877.900390625      5.68072536770585E-6     
  19887.900390625      6.687254669277968E-6    
  19897.900390625      7.166523511313758E-6    
  19907.900390625      4.326806213552641E-6    
  19917.900390625      7.744549146552854E-6    
  19927.900390625      6.237258212700345E-6    
  19937.900390625      4.73735586180409E-6     
  19947.900390625      5.740777302165786E-6    
  19957.900390625      6.8213327980514E-6      
  19967.900390625      5.897140449022873E-6    
  19977.900390625      6.690534320752176E-6    
  19987.900390625      6.925436772701811E-6    
  19997.900390625      6.23471592204617E-6     
  20007.900390625004   5.607851053716218E-6    
  20017.900390625      5.728108729992123E-6    
  20027.900390625      6.214765925454095E-6    
  20037.900390625      7.332761281442635E-6    
  20047.900390625004   7.030739261894968E-6    
  20057.900390625      5.7272900857257E-6      
  20067.900390625      7.702453259891173E-6    
  20077.900390625      7.926800587111247E-6    
  20087.900390625004   6.464895585534008E-6    
  20097.900390625      7.623521574465572E-6    
  20107.900390625      7.051786415760131E-6    
  20117.900390625      8.02934155533029E-6     
  20127.900390625004   7.2265855718132065E-6   
  20137.900390625      6.523274601903001E-6    
  20147.900390625      7.4186876740134735E-6   
  20157.900390625      7.831970090352954E-6    
  20167.900390625004   4.984083392031116E-6    
  20177.900390625      8.150544815335707E-6    
  20187.900390625      6.87794408346831E-6     
  20197.900390625      9.248078212456221E-6    
  20207.900390625004   6.188686757317961E-6    
  20217.900390625      7.765049962855028E-6    
  20227.900390625      6.193353183849091E-6    
  20237.900390625      7.216974292663376E-6    
  20247.900390625004   7.48225550472241E-6     
  20257.900390625      5.767018338315379E-6    
  20267.900390625      7.037425177829312E-6    
  20277.900390625      6.287991278381427E-6    
  20287.900390625004   8.512866482333386E-6    
  20297.900390625      6.719233125156375E-6    
  20307.900390625      7.445190078028604E-6    
  20317.900390625      7.53566638094605E-6     
  20327.900390625004   8.244464183636613E-6    
  20337.900390625      8.033562243107942E-6    
  20347.900390625      5.903336932215789E-6    
  20357.900390625      8.03635182297904E-6     
  20367.900390624996   5.793884209090469E-6    
  20377.900390625      7.455948501532971E-6    
  20387.900390625      6.079107304462813E-6    
  20397.900390625      7.664438700000772E-6    
  20407.900390624996   5.525588527897959E-6    
  20417.900390625      1.0580621355522763E-5   
  20427.900390625      5.904858481572984E-6    
  20437.900390625      7.4377765178153315E-6   
  20447.900390624996   5.471993672307079E-6    
  20457.900390625      9.577782619936183E-6    
  20467.900390625      7.129398883499569E-6    
  20477.900390625      6.664602874432936E-6    
  20487.900390624996   8.904926451799904E-6    
  20497.900390625      6.126486401559227E-6    
  20507.900390625      8.962631207404722E-6    
  20517.900390625      7.265268070319999E-6    
  20527.900390624996   7.808105470104374E-6    
  20537.900390625      6.780074456922952E-6    
  20547.900390625      7.083269306880058E-6    
  20557.900390625      9.377556288153818E-6    
  20567.900390624996   6.417010855392412E-6    
  20577.900390625      5.747113140347788E-6    
  20587.900390625      8.891483407506197E-6    
  20597.900390625      7.4278833349352925E-6   
  20607.900390624996   7.94629984067446E-6     
  20617.900390625      8.306268667394242E-6    
  20627.900390625      7.6115852821004885E-6   
  20637.900390625      9.069387291437645E-6    
  20647.900390624996   9.05465681886282E-6     
  20657.900390625      8.168375167073511E-6    
  20667.900390625      6.353095317427944E-6    
  20677.900390625      7.450598043821269E-6    
  20687.900390624996   9.42442299621447E-6     
  20697.900390625      7.99480160473923E-6     
  20707.900390625      7.974456725565291E-6    
  20717.900390625      9.288646651610195E-6    
  20727.900390624996   7.331066988544892E-6    
  20737.900390625      7.86516787565174E-6     
  20747.900390625      1.0494404463384114E-5   
  20757.900390625      7.38812588035264E-6     
  20767.900390624996   8.972698191825157E-6    
  20777.900390625      6.8632762761593E-6      
  20787.900390625      7.769995241907527E-6    
  20797.900390625      9.008859333553212E-6    
  20807.900390625      8.927303966910617E-6    
  20817.900390625      7.084373774141677E-6    
  20827.900390625      9.385556102371616E-6    
  20837.900390625      7.867404223803982E-6    
  20847.900390625      8.844938062889023E-6    
  20857.900390625      8.889048737596182E-6    
  20867.900390625      8.776520267200058E-6    
  20877.900390625      7.278982106379186E-6    
  20887.900390625      8.080785358630515E-6    
  20897.900390625      1.0492642314827022E-5   
  20907.900390625      8.680166580198128E-6    
  20917.900390625      7.627764454050712E-6    
  20927.900390625      8.133391914989489E-6    
  20937.900390625      8.209277012970643E-6    
  20947.900390625      7.789046540022361E-6    
  20957.900390625      8.51331323985593E-6     
  20967.900390625      8.52293825504544E-6     
  20977.900390625      8.670101532025753E-6    
  20987.900390625      7.222153007942599E-6    
  20997.900390625      7.871805005425112E-6    
  21007.900390625      8.546173610540031E-6    
  21017.900390625      8.629061439066072E-6    
  21027.900390625      8.69103665153852E-6     
  21037.900390625      1.0205571238524427E-5   
  21047.900390625      9.262092186562424E-6    
  21057.900390625      7.125958040883986E-6    
  21067.900390625      8.773233130779825E-6    
  21077.900390625      8.917499655694223E-6    
  21087.900390625      7.235567903835128E-6    
  21097.900390625      8.574910244931878E-6    
  21107.900390625      7.363420202053261E-6    
  21117.900390625      9.902518667762576E-6    
  21127.900390625      8.640793721566176E-6    
  21137.900390625      9.178930759609013E-6    
  21147.900390625      1.0267299690256405E-5   
  21157.900390625      9.02235238105079E-6     
  21167.900390625      9.715663193541402E-6    
  21177.900390625004   8.508488342649686E-6    
  21187.900390625      1.1597291923839737E-5   
  21197.900390625      1.0157527569570368E-5   
  21207.900390625      9.390924204875245E-6    
  21217.900390625004   8.694185682105117E-6    
  21227.900390625      9.30083337706824E-6     
  21237.900390625      7.999225162535151E-6    
  21247.900390625      8.14867544858948E-6     
  21257.900390625004   1.056824430591572E-5    
  21267.900390625      1.1273595604743275E-5   
  21277.900390625      1.315086649060949E-5    
  21287.900390625      1.0538512736233049E-5   
  21297.900390625004   1.1186162016136883E-5   
  21307.900390625      1.1546978788114148E-5   
  21317.900390625      8.843525288292128E-6    
  21327.900390625      1.3359740669699654E-5   
  21337.900390625004   9.862239165828717E-6    
  21347.900390625      6.9652228784449015E-6   
  21357.900390625      9.890101283253298E-6    
  21367.900390625      1.110124589593587E-5    
  21377.900390625004   6.27916927425499E-6     
  21387.900390625      1.1698211775934778E-5   
  21397.900390625      1.077817223114934E-5    
  21407.900390625      1.0965731166845513E-5   
  21417.900390625004   1.3027322427772892E-5   
  21427.900390625      1.0160741623884121E-5   
  21437.900390625      1.1574453647594151E-5   
  21447.900390625      1.0286721595322023E-5   
  21457.900390625004   1.162421019083088E-5    
  21467.900390625      9.488820581793133E-6    
  21477.900390625      1.0727798200963119E-5   
  21487.900390625      1.3230442587062357E-5   
  21497.900390625004   1.0905038553541686E-5   
  21507.900390625      8.352108412180597E-6    
  21517.900390625      1.2315654466140006E-5   
  21527.900390625      1.3799688317281598E-5   
  21537.900390625004   1.4467824958831802E-5   
  21547.900390625      1.2013705960780772E-5   
  21557.900390625      1.3225080070642113E-5   
  21567.900390625      1.063693498941931E-5    
  21577.900390625004   1.2078523309485452E-5   
  21587.900390625      1.0311025881205577E-5   
  21597.900390625      1.157488633466899E-5    
  21607.900390625      1.0631723964727784E-5   
  21617.900390624996   1.0865672680524303E-5   
  21627.900390625      1.0371808182230644E-5   
  21637.900390625      1.2207785644223838E-5   
  21647.900390625      1.1866272487829224E-5   
  21657.900390624996   7.959846573514664E-6    
  21667.900390625      1.000463579343927E-5    
  21677.900390625      9.10401960330547E-6     
  21687.900390625      1.0263802604479422E-5   
  21697.900390624996   1.1964381903558205E-5   
  21707.900390625      1.2350648190810791E-5   
  21717.900390625      1.0906407962618821E-5   
  21727.900390625      1.0602636101795043E-5   
  21737.900390624996   1.3331271756406544E-5   
  21747.900390625      1.1262238645289846E-5   
  21757.900390625      1.1823617628906303E-5   
  21767.900390625      6.6368863866643935E-6   
  21777.900390624996   9.602936141644367E-6    
  21787.900390625      1.0036115073191827E-5   
  21797.900390625      1.000452605676412E-5    
  21807.900390625      8.274258340790167E-6    
  21817.900390624996   1.1969313528717169E-5   
  21827.900390625      1.052716647903408E-5    
  21837.900390625      1.0770540079591228E-5   
  21847.900390625      1.2511401266210302E-5   
  21857.900390624996   1.0347291626054364E-5   
  21867.900390625      1.0570975368928813E-5   
  21877.900390625      7.706194506520277E-6    
  21887.900390625      9.84892423917787E-6     
  21897.900390624996   1.1610332278487103E-5   
  21907.900390625      1.0671592313079738E-5   
  21917.900390625      1.3837982591238917E-5   
  21927.900390625      1.160400670622345E-5    
  21937.900390624996   9.500450426849324E-6    
  21947.900390625      1.1676405028524606E-5   
  21957.900390625      1.1330181058807224E-5   
  21967.900390625      1.4091735617959817E-5   
  21977.900390624996   1.2200652837285E-5      
  21987.900390625      1.4097046256163348E-5   
  21997.900390625      1.21078048398941E-5     
  22007.900390625      1.1898419868551438E-5   
  22017.900390624996   1.3156612629006224E-5   
  22027.900390625      1.3880863727668615E-5   
  22037.900390625      1.3998770656765861E-5   
  22047.900390625      1.3216330432356502E-5   
  22057.900390625      1.4938899251093706E-5   
  22067.900390625      1.4872213299777893E-5   
  22077.900390625      1.3544104339433645E-5   
  22087.900390625      1.3316883744492526E-5   
  22097.900390625      1.6876044358753543E-5   
  22107.900390625      1.441915013644689E-5    
  22117.900390625      1.7981074164637325E-5   
  22127.900390625      1.784743695439795E-5    
  22137.900390625      1.824635708791297E-5    
  22147.900390625      1.7035712623113956E-5   
  22157.900390625      9.731300664307401E-6    
  22167.900390625      1.6746510663288435E-5   
  22177.900390625      1.8013073599805848E-5   
  22187.900390625      1.5218792854220342E-5   
  22197.900390625      1.476822167772384E-5    
  22207.900390625      1.360304359042997E-5    
  22217.900390625      1.7216053084524033E-5   
  22227.900390625      1.4180136668788833E-5   
  22237.900390625      1.3961365308869604E-5   
  22247.900390625      1.5818710572906972E-5   
  22257.900390625      1.3185730138535539E-5   
  22267.900390625      1.6930178744210716E-5   
  22277.900390625      1.627739796921577E-5    
  22287.900390625      1.390047504528627E-5    
  22297.900390625      1.859214943184285E-5    
  22307.900390625      1.4491699095313073E-5   
  22317.900390625      1.4690775837705698E-5   
  22327.900390625      1.586620486490178E-5    
  22337.900390625      1.8361263347045162E-5   
  22347.900390625      1.6375590324773657E-5   
  22357.900390625      1.650146873275836E-5    
  22367.900390625      1.3088592413243374E-5   
  22377.900390625      1.7850060879123178E-5   
  22387.900390625      1.3502544197069234E-5   
  22397.900390625      1.9241906972462548E-5   
  22407.900390625      1.87016845456817E-5     
  22417.900390625      1.5654497269264824E-5   
  22427.900390625004   2.014148664844368E-5    
  22437.900390625      1.8190982256906465E-5   
  22447.900390625      1.766064072248326E-5    
  22457.900390625      1.7277757359308193E-5   
  22467.900390625004   1.5355803400944795E-5   
  22477.900390625      2.2786370108955668E-5   
  22487.900390625      1.6151833175084513E-5   
  22497.900390625      1.990857403919829E-5    
  22507.900390625004   1.8059465571583955E-5   
  22517.900390625      1.6408165295369375E-5   
  22527.900390625      1.815053452969336E-5    
  22537.900390625      1.8880917610783607E-5   
  22547.900390625004   1.955771087816107E-5    
  22557.900390625      2.022473114987004E-5    
  22567.900390625      1.9471888108254605E-5   
  22577.900390625      1.7013771617980432E-5   
  22587.900390625004   1.6402018752767754E-5   
  22597.900390625      2.1545963578902397E-5   
  22607.900390625      1.9396969890234256E-5   
  22617.900390625      2.0793872857040026E-5   
  22627.900390625004   1.734358182055838E-5    
  22637.900390625      1.9751244377991687E-5   
  22647.900390625      1.7544148435646844E-5   
  22657.900390625      1.9162686686618077E-5   
  22667.900390625004   2.0826439540653674E-5   
  22677.900390625      1.9731614806151953E-5   
  22687.900390625      2.129037527461843E-5    
  22697.900390625      1.8410530326064735E-5   
  22707.900390625004   1.934699766998204E-5    
  22717.900390625      1.7093014151423147E-5   
  22727.900390625      1.805777592710653E-5    
  22737.900390625      1.8315697298520957E-5   
  22747.900390625004   1.708989352072174E-5    
  22757.900390625      1.8000570790202874E-5   
  22767.900390625      1.5342702582928694E-5   
  22777.900390625      1.3673736234244569E-5   
  22787.900390625004   1.5909971209697513E-5   
  22797.900390625      1.4801195349030708E-5   
  22807.900390625      1.4105098352625667E-5   
  22817.900390625      1.1882524886074934E-5   
  22827.900390625004   9.121477404412358E-6    
  22837.900390625      1.1700385858069236E-5   
  22847.900390625      1.3397428062255927E-5   
  22857.900390625      1.1163504468973085E-5   
  22867.900390624996   1.1318754152252261E-5   
  22877.900390625      9.179606369396543E-6    
  22887.900390625      1.335040826189607E-5    
  22897.900390625      9.579593638008092E-6    
  22907.900390624996   1.0444709427237501E-5   
  22917.900390625      1.0700020462429571E-5   
  22927.900390625      8.812051354426879E-6    
  22937.900390625      1.0210863908701367E-5   
  22947.900390624996   1.045045974067012E-5    
  22957.900390625      6.6017822636928075E-6   
  22967.900390625      8.451715622798332E-6    
  22977.900390625      6.440613827802183E-6    
  22987.900390624996   6.733066895192529E-6    
  22997.900390625      7.734794908247789E-6    
  23007.900390625      6.892390011570863E-6    
  23017.900390625      8.713298557697041E-6    
  23027.900390624996   6.6811751950984705E-6   
  23037.900390625      7.265426204346986E-6    
  23047.900390625      6.419709230799974E-6    
  23057.900390625      7.648990056544113E-6    
  23067.900390624996   6.935331199834543E-6    
  23077.900390625      4.850159683834699E-6    
  23087.900390625      7.931745442821719E-6    
  23097.900390625      5.7073851713327275E-6   
  23107.900390624996   6.7669936975649516E-6   
  23117.900390625      5.9896502938054746E-6   
  23127.900390625      5.218359391120132E-6    
  23137.900390625      5.491684321181135E-6    
  23147.900390624996   5.9500907933836474E-6   
  23157.900390625      5.7425821347565525E-6   
  23167.900390625      5.476131727969873E-6    
  23177.900390625      3.893915156633554E-6    
  23187.900390624996   4.002632734083075E-6    
  23197.900390625      5.313307168791933E-6    
  23207.900390625      4.4844054189352546E-6   
  23217.900390625      4.308289979022957E-6    
  23227.900390624996   4.678489706240858E-6    
  23237.900390625      3.1624547602527093E-6   
  23247.900390625      3.7532275479858684E-6   
  23257.900390625      4.035872201786779E-6    
  23267.900390624996   3.787594371833321E-6    
  23277.900390625      3.858030335399509E-6    
  23287.900390625      3.1442322158474827E-6   
  23297.900390625      3.1519721852764977E-6   
  23307.900390625      2.9716907058199926E-6   
  23317.900390625      2.753220220357082E-6    
  23327.900390625      2.9374888946459693E-6   
  23337.900390625      2.800838444930884E-6    
  23347.900390625      2.3269506017634958E-6   
  23357.900390625      2.217346479729871E-6    
  23367.900390625      2.0806942121424676E-6   
  23377.900390625      2.221019451263893E-6    
  23387.900390625      2.1762806840651953E-6   
  23397.900390625      2.015847776125604E-6    
  23407.900390625      1.8070252276003572E-6   
  23417.900390625      2.2313106680056754E-6   
  23427.900390625      2.1394271070738176E-6   
  23437.900390625      1.7818329459041744E-6   
  23447.900390625      1.775686419703838E-6    
  23457.900390625      1.6473589363810473E-6   
  23467.900390625      1.8057087614056723E-6   
  23477.900390625      1.6579001026550212E-6   
  23487.900390625      1.7214167560602987E-6   
  23497.900390625      1.9961212493707892E-6   
  23507.900390625      1.5583595482618882E-6   
  23517.900390625      1.6642384610693641E-6   
  23527.900390625      1.5840994326268923E-6   
  23537.900390625      1.6798242034888022E-6   
  23547.900390625      1.7202467724524904E-6   
  23557.900390625      1.1022684500265692E-6   
  23567.900390625      1.9861560348529064E-6   
  23577.900390625      1.502320699319776E-6    
  23587.900390625      1.3083205248690854E-6   
  23597.900390625      1.6043784896649916E-6   
  23607.900390625      1.3461287877747438E-6   
  23617.900390625      1.095569866050827E-6    
  23627.900390625      1.2888939402146156E-6   
  23637.900390625      1.1870803863137976E-6   
  23647.900390625      1.0525718171640038E-6   
  23657.900390625      8.917139750079221E-7    
  23667.900390625      7.145006869444503E-7    
  23677.900390625004   7.466015425034363E-7    
  23687.900390625      5.136137676340972E-7    
  23697.900390625      4.97984649362275E-7     
  23707.900390625      4.625402269813167E-7    
  23717.900390625004   4.250997051711239E-7    
  23727.900390625      3.655439285459977E-7    
  23737.900390625      2.3278993681941244E-7   
  23747.900390625      2.8840747590653603E-7   
  23757.900390625004   2.6187626612196954E-7   
  23767.900390625      2.2377351740747118E-7   
  23777.900390625      2.3382449855243645E-7   
  23787.900390625      2.4650346139381595E-7   
  23797.900390625004   2.4585839919392197E-7   
  23807.900390625      1.4738948220161176E-7   
  23817.900390625      1.8734348252436659E-7   
  23827.900390625      1.793179791913047E-7    
  23837.900390625004   1.3927198598012462E-7   
  23847.900390625      1.4313155660162984E-7   
  23857.900390625      1.464048808447529E-7    
  23867.900390625      1.0732670618254432E-7   
  23877.900390625004   8.751659457425206E-8    
  23887.900390625      1.0785308902691422E-7   
  23897.900390625      8.51371207003117E-8     
  23907.900390625      9.04313968936534E-8     
  23917.900390625004   1.1909021261324899E-7   
  23927.900390625      7.604870061308109E-8    
  23937.900390625      8.110053924656928E-8    
  23947.900390625      6.422190660165659E-8    
  23957.900390625004   6.026184183545105E-8    
  23967.900390625      5.227008242262886E-8    
  23977.900390625      4.178566465412342E-8    
  23987.900390625      3.9197498758581184E-8   
  23997.900390625004   4.6084403493483205E-8   
  24007.900390625      4.113383425036008E-8    
  24017.900390625      3.1031870988528426E-8   
  24027.900390625      3.1034199891943156E-8   
  24037.900390625004   2.3075400107507534E-8   
  24047.900390625      2.1549292426080658E-8   
  24057.900390625      2.0960461303166388E-8   
  24067.900390625      2.060327221415103E-8    
  24077.900390625004   1.4872678350544556E-8   
  24087.900390625      1.4105463405089204E-8   
  24097.900390625      1.2068763495866886E-8   
  24107.900390625      8.975849155709779E-9    
  24117.900390624996   8.831025679322964E-9    
  24127.900390625      7.891803538160681E-9    
  24137.900390625      7.801607627733114E-9    
  24147.900390625      5.198638554889735E-9    
  24157.900390624996   5.595529268441914E-9    
  24167.900390625      5.084062627442495E-9    
  24177.900390625      4.060466622083102E-9    
  24187.900390625      4.726094142948123E-9    
  24197.900390624996   3.4518371655639925E-9   
  24207.900390625      2.961885119300559E-9    
  24217.900390625      2.619188616547485E-9    
  24227.900390625      2.8266119174020667E-9   
  24237.900390624996   1.624307536764268E-9    
  24247.900390625      1.7045224209538934E-9   
  24257.900390625      1.561905710331762E-9    
  24267.900390625      1.4672793487100819E-9   
  24277.900390624996   1.296027074071046E-9    
  24287.900390625      1.240837385394297E-9    
  24297.900390625      1.1066044956973374E-9   
  24307.900390625      1.0072916948372954E-9   
  24317.900390624996   8.589147981636388E-10   
  24327.900390625      7.701576436311961E-10   
  24337.900390625      9.082684806482421E-10   
  24347.900390625      6.779254519166111E-10   
  24357.900390624996   4.858110236870054E-10   
  24367.900390625      6.552517302011921E-10   
  24377.900390625      4.819394149431047E-10   
  24387.900390625      4.65855590510986E-10    
  24397.900390624996   4.803984838640246E-10   
  24407.900390625      2.7509064350260333E-10  
  24417.900390625      3.123110467277342E-10   
  24427.900390625      2.5472834481080216E-10  
  24437.900390624996   2.8252912853273303E-10  
  24447.900390625      1.5530289538943756E-10  
  24457.900390625      2.5067916411995563E-10  
  24467.900390625      2.1268760409919173E-10  
  24477.900390624996   2.193173791622365E-10   
  24487.900390625      1.1923466281005816E-10  
  24497.900390625      1.6920259564526382E-10  
  24507.900390625      1.0134867356718538E-10  
  24517.900390624996   1.0180492774564561E-10  
  24527.900390625      1.3110766917873754E-10  
  24537.900390625      9.601679550889011E-11   
  24547.900390625      8.64506689526058E-11    
  24557.900390625      6.942992294467555E-11   
  24567.900390625      6.610787825404778E-11   
  24577.900390625      6.603941580945405E-11   
  24587.900390625      6.755568811842426E-11   
  24597.900390625      6.137046462935649E-11   
  24607.900390625      4.282849095826377E-11   
  24617.900390625      4.708246008881795E-11   
  24627.900390625      5.3924855264763554E-11  
  24637.900390625      2.8656094475361403E-11  
  24647.900390625      2.8163939924247713E-11  
  24657.900390625      3.4299485409343206E-11  
  24667.900390625      2.5920763361431406E-11  
  24677.900390625      2.635474181787359E-11   
  24687.900390625      2.2956240382381905E-11  
  24697.900390625      1.8001744082649613E-11  
  24707.900390625      1.6915161976001733E-11  
  24717.900390625      1.5618036823346392E-11  
  24727.900390625      1.020026627223152E-11   
  24737.900390625      1.3941108065026024E-11  
  24747.900390625      1.1503095220023935E-11  
  24757.900390625      9.576735794088102E-12   
  24767.900390625      1.0559894798213223E-11  
  24777.900390625      6.654681863220736E-12   
  24787.900390625      5.333655217550785E-12   
  24797.900390625      6.028833666005582E-12   
  24807.900390625      6.8512975411345136E-12  
  24817.900390625      5.68049021191449E-12    
  24827.900390625      4.904945341444202E-12   
  24837.900390625      4.228435283540486E-12   
  24847.900390625      3.4010540976097666E-12  
  24857.900390625      3.71796651557998E-12    
  24867.900390625      2.562929277504127E-12   
  24877.900390625      3.21633574632098E-12    
  24887.900390625      2.8698651135729685E-12  
  24897.900390625      2.966369403242751E-12   
  24907.900390625      2.6016376298132037E-12  
  24917.900390625      1.9768291118693173E-12  
  24927.900390625004   1.6651147273227026E-12  
  24937.900390625      1.6096151449630737E-12  
  24947.900390625      1.8199595121822544E-12  
  24957.900390625      1.2750835401033901E-12  
  24967.900390625004   1.3759488862223492E-12  
  24977.900390625      1.231141315947786E-12   
  24987.900390625      1.3231292650430798E-12  
  24997.900390625      9.326364975405145E-13   
  25007.900390625004   6.887785100055274E-13   
  25017.900390625      7.970860205259476E-13   
  25027.900390625      7.930350529921219E-13   
  25037.900390625      6.617754666210125E-13   
  25047.900390625004   4.2845684787383237E-13  
  25057.900390625      4.905040839624116E-13   
  25067.900390625      5.248967245547933E-13   
  25077.900390625      5.553025335317039E-13   
  25087.900390625004   3.715536535102975E-13   
  25097.900390625      3.548188773359517E-13   
  25107.900390625      3.664019010808575E-13   
  25117.900390625      3.4202732329544044E-13  
  25127.900390625004   3.2693446024646583E-13  
  25137.900390625      3.846965170606567E-13   
  25147.900390625      3.4312322456999987E-13  
  25157.900390625      2.888106106569289E-13   
  25167.900390625004   2.070849268150783E-13   
  25177.900390625      2.3670201031707576E-13  
  25187.900390625      2.4243222067771824E-13  
  25197.900390625      2.195438134514609E-13   
  25207.900390625004   1.7724290923386778E-13  
  25217.900390625      1.6076566340640557E-13  
  25227.900390625      1.5721739553054219E-13  
  25237.900390625      1.4469580233694823E-13  
  25247.900390625004   1.5336941070751652E-13  
  25257.900390625      1.3933215448513502E-13  
  25267.900390625      9.857318518377835E-14   
  25277.900390625      1.0434186648958131E-13  
  25287.900390625004   9.71894023068335E-14    
  25297.900390625      1.0745937901639901E-13  
  25307.900390625      8.346202428176998E-14   
  25317.900390625      1.0462258151368125E-13  
  25327.900390625004   8.502815371420352E-14   
  25337.900390625      7.937691715628999E-14   
  25347.900390625      5.707108045888296E-14   
  25357.900390625      7.028966487170885E-14   
  25367.900390624996   6.569518320503064E-14   
  25377.900390625      6.837468916135919E-14   
  25387.900390625      5.082349756490179E-14   
  25397.900390625      3.913459891446273E-14   
  25407.900390624996   6.155684772104478E-14   
  25417.900390625      4.618838612188215E-14   
  25427.900390625      2.3250274829194584E-14  
  25437.900390625      1.8418237541299198E-14  
  25447.900390624996   3.883859734142201E-14   
  25457.900390625      3.4277138928137836E-14  
  25467.900390625      3.106148741355975E-14   
  25477.900390625      2.7254013936731908E-14  
  25487.900390624996   2.405206694711552E-14   
  25497.900390625      2.419181718694057E-14   
  25507.900390625      1.731557469211923E-14   
  25517.900390625      2.105259032089303E-14   
  25527.900390624996   1.408970599080634E-14   
  25537.900390625      1.5636289235542418E-14  
  25547.900390625      1.182267401456066E-14   
  25557.900390625      1.2627095603130452E-14  
  25567.900390624996   1.1116361976851422E-14  
  25577.900390625      1.2505184230383569E-14  
  25587.900390625      1.0940537701744757E-14  
  25597.900390625      7.869842964403425E-15   
  25607.900390624996   6.705481018019724E-15   
  25617.900390625      8.127875984214918E-15   
  25627.900390625      8.421428609810693E-15   
  25637.900390625      6.231754409732602E-15   
  25647.900390624996   5.639108476903954E-15   
  25657.900390625      5.3688963968879224E-15  
  25667.900390625      6.1376791798871686E-15  
  25677.900390625      3.475338239387871E-15   
  25687.900390624996   3.928554841794323E-15   
  25697.900390625      3.964227923693494E-15   
  25707.900390625      2.1821442101765846E-15  
  25717.900390625      2.6794595006440517E-15  
  25727.900390624996   2.6191507943633883E-15  
  25737.900390625      1.8932710190967313E-15  
  25747.900390625      1.8438177511879394E-15  
  25757.900390625      2.071928092695412E-15   
  25767.900390624996   2.5262407119217343E-15  
  25777.900390625      1.2271852050676361E-15  
  25787.900390625      1.2475492088201584E-15  
  25797.900390625      1.0392471393569105E-15  
  25807.900390625      1.5139813296212978E-15  
  25817.900390625      4.3270726529677685E-16  
  25827.900390625      7.137915835684268E-16   
  25837.900390625      5.0105905242325505E-16  
  25847.900390625      8.110373680525165E-16   
  25857.900390625      5.669369187296625E-16   
  25867.900390625      9.486789033995E-16      
  25877.900390625      1.9915353569095192E-16  
  25887.900390625      6.120743485196066E-16   
  25897.900390625      4.885089407559441E-16   
  25907.900390625      4.953088779537993E-16   
  25917.900390625      3.6325583477371867E-16  
  25927.900390625      2.1145822107104046E-16  
  25937.900390625      3.572743404428353E-16   
  25947.900390625      3.3720141195907643E-16  
  25957.900390625      2.860173208439143E-16   
  25967.900390625      1.9892916631002343E-16  
  25977.900390625      2.1325775940000837E-16  
