# microns             throughput              
  5504.000244140626   3.1061988369039536E-10  
  5514.000244140626   2.2369050035235403E-10  
  5524.000244140626   3.5299130949154684E-10  
  5534.000244140626   7.856540588042522E-10   
  5544.000244140626   7.506039154044229E-10   
  5554.000244140626   1.0544157911722624E-9   
  5564.000244140626   7.220681091837136E-10   
  5574.000244140624   5.946043867423931E-10   
  5584.000244140624   4.295539952132164E-10   
  5594.000244140624   4.758918161548172E-10   
  5604.000244140624   8.564699677613025E-10   
  5614.000244140624   8.579387911108482E-10   
  5624.000244140624   5.058732802384552E-10   
  5634.000244140624   3.4222569031746716E-11  
  5644.000244140624   2.275014471358387E-11   
  5654.000244140624   1.202504749898222E-10   
  5664.000244140624   6.027011474946995E-10   
  5674.000244140624   6.065753990084729E-10   
  5684.000244140625   9.761734151701066E-10   
  5694.000244140625   8.266448108422155E-10   
  5704.000244140625   7.75717790233312E-10    
  5714.000244140625   4.694652629935433E-10   
  5724.000244140625   1.241190027411011E-9    
  5734.000244140625   1.965195691652813E-9    
  5744.000244140625   1.8367609731140322E-9   
  5754.000244140625   1.7458750868520869E-9   
  5764.000244140625   1.7899927919423745E-9   
  5774.000244140625   2.8644623491934267E-9   
  5784.000244140625   1.6732964011617488E-9   
  5794.000244140625   2.0038525594891458E-9   
  5804.000244140625   2.000900296691869E-9    
  5814.000244140625   2.5098904371635338E-9   
  5824.000244140625   1.338640706153586E-9    
  5834.000244140625   2.6883718143854915E-9   
  5844.000244140625   6.5155401280194976E-9   
  5854.000244140625   6.524555077666699E-9    
  5864.000244140625   5.142389492251884E-9    
  5874.000244140625   2.9394460303840543E-9   
  5884.000244140625   3.2854355846287823E-9   
  5894.000244140625   2.4174804968652568E-9   
  5904.000244140625   6.1481505592017464E-9   
  5914.000244140625   6.340704214423432E-9    
  5924.000244140625   7.906064871140574E-9    
  5934.000244140625   7.265367739129016E-9    
  5944.000244140625   7.007729695637072E-9    
  5954.000244140625   7.0072776666490905E-9   
  5964.000244140625   3.719335193016372E-9    
  5974.000244140625   6.33897717865221E-9     
  5984.000244140625   9.179032469134309E-9    
  5994.000244140625   9.738377733017002E-9    
  6004.000244140625   1.6037601058753494E-8   
  6014.000244140625   1.2285289201501406E-8   
  6024.000244140625   8.712158768127447E-9    
  6034.000244140625   8.646030862473259E-9    
  6044.000244140625   8.785299009309833E-9    
  6054.000244140625   8.213070089563642E-9    
  6064.000244140625   8.175957556365173E-9    
  6074.000244140625   9.600443899591486E-9    
  6084.000244140625   1.0537872748697596E-8   
  6094.000244140625   1.3116207178528889E-8   
  6104.000244140625   1.5686299664580815E-8   
  6114.000244140625   1.5516945697121203E-8   
  6124.000244140625   1.0456890814518895E-8   
  6134.000244140625   1.1164643868321864E-8   
  6144.000244140625   8.742098440617293E-9    
  6154.000244140625   1.140072195429322E-8    
  6164.000244140625   1.0376035542016978E-8   
  6174.000244140625   1.0941763838959362E-8   
  6184.000244140625   1.1566072510399342E-8   
  6194.000244140625   8.676490202846664E-9    
  6204.000244140625   9.858411377132023E-9    
  6214.000244140625   1.2965351529290421E-8   
  6224.000244140625   1.652617901860336E-8    
  6234.000244140625   1.579938704480204E-8    
  6244.000244140625   9.416282570187708E-9    
  6254.000244140625   8.357721271128584E-9    
  6264.000244140625   1.1006701864953039E-8   
  6274.000244140625   1.3233205288762956E-8   
  6284.000244140625   9.789976015484322E-9    
  6294.000244140625   6.093735514701341E-9    
  6304.000244140625   1.5875924297282434E-8   
  6314.000244140625   2.3920628843133472E-8   
  6324.000244140625   2.5962073500415943E-8   
  6334.000244140625   2.479040903155394E-8    
  6344.000244140625   2.7630921692026996E-8   
  6354.000244140625   2.9741973626967783E-8   
  6364.000244140625   2.724478942531268E-8    
  6374.000244140625   3.2605813227933434E-8   
  6384.000244140625   2.9768732634919394E-8   
  6394.000244140625   2.465928401031298E-8    
  6404.000244140625   2.170187596212682E-8    
  6414.000244140625   2.356154228474336E-8    
  6424.000244140625   2.8739801521837802E-8   
  6434.000244140625   2.6806377703202736E-8   
  6444.000244140625   2.9929279157352274E-8   
  6454.000244140625   3.832511892560386E-8    
  6464.000244140625   3.7701758291644136E-8   
  6474.000244140625   4.355689292127429E-8    
  6484.000244140625   4.4721106397257666E-8   
  6494.000244140625   4.275968808592276E-8    
  6504.000244140625   4.155419253530402E-8    
  6514.000244140625   3.8338213595116065E-8   
  6524.000244140625   4.079475284796639E-8    
  6534.000244140625   5.040079389488175E-8    
  6544.000244140625   4.8903896355493394E-8   
  6554.000244140625   4.414798032193707E-8    
  6564.000244140625   3.1150685116148256E-8   
  6574.000244140625   3.969870008722713E-8    
  6584.000244140625   5.009088060346603E-8    
  6594.000244140625   4.7296104016509045E-8   
  6604.000244140625   3.5570085168326686E-8   
  6614.000244140625   4.4399618171801216E-8   
  6624.000244140625   4.321049219585322E-8    
  6634.000244140625   3.753874539851517E-8    
  6644.000244140625   3.373523381035547E-8    
  6654.000244140625   2.499329671363512E-8    
  6664.000244140625   2.880267149446928E-8    
  6674.000244140625   2.7819635821580507E-8   
  6684.000244140625   2.788286621529119E-8    
  6694.000244140625   2.378828637467962E-8    
  6704.000244140625   2.327611904027594E-8    
  6714.000244140626   2.762664681265546E-8    
  6724.000244140626   3.1598485464016946E-8   
  6734.000244140626   3.1751336296527017E-8   
  6744.000244140626   3.586562001045229E-8    
  6754.000244140626   3.597158376240688E-8    
  6764.000244140626   3.761455509241922E-8    
  6774.000244140626   3.16076476548352E-8     
  6784.000244140626   3.619312151663874E-8    
  6794.000244140626   3.958389773700792E-8    
  6804.000244140626   2.782477676279155E-8    
  6814.000244140626   3.103164927778806E-8    
  6824.000244140624   2.9911494169607946E-8   
  6834.000244140624   3.6092217552941655E-8   
  6844.000244140624   4.028262710820454E-8    
  6854.000244140624   4.013058222108428E-8    
  6864.000244140624   4.4563327003527775E-8   
  6874.000244140624   4.3366792438557853E-8   
  6884.000244140624   5.173141939152856E-8    
  6894.000244140624   5.913557295038001E-8    
  6904.000244140624   4.3007822805584555E-8   
  6914.000244140624   3.6672717016575044E-8   
  6924.000244140624   3.5692483103389885E-8   
  6934.000244140625   3.762395259939998E-8    
  6944.000244140625   2.1093333854503433E-8   
  6954.000244140625   1.948796831552064E-8    
  6964.000244140625   1.5717353550442638E-8   
  6974.000244140625   2.4866462549358015E-8   
  6984.000244140625   3.499289808087059E-8    
  6994.000244140625   4.7131308932728295E-8   
  7004.000244140625   4.609408364525388E-8    
  7014.000244140625   4.9885769205879606E-8   
  7024.000244140625   4.641768845781263E-8    
  7034.000244140625   3.041918446150172E-8    
  7044.000244140625   4.2500242719567096E-8   
  7054.000244140625   4.6058898964216756E-8   
  7064.000244140625   4.693234396304367E-8    
  7074.000244140625   4.622186058924295E-8    
  7084.000244140625   5.3911706175764246E-8   
  7094.000244140625   6.684569978083254E-8    
  7104.000244140625   5.712768254476799E-8    
  7114.000244140625   3.6802682218845434E-8   
  7124.000244140625   4.950279247823457E-8    
  7134.000244140625   4.9548943021924476E-8   
  7144.000244140625   3.768518037835179E-8    
  7154.000244140625   4.4438103324110904E-8   
  7164.000244140625   4.456658598940681E-8    
  7174.000244140625   4.0600512437505975E-8   
  7184.000244140625   3.566675295401815E-8    
  7194.000244140625   3.9820934397798385E-8   
  7204.000244140625   3.1273862893368483E-8   
  7214.000244140625   3.5613727984388445E-8   
  7224.000244140625   3.655642853549635E-8    
  7234.000244140625   3.336685084225437E-8    
  7244.000244140625   2.3922762274407595E-8   
  7254.000244140625   1.8600718094223242E-8   
  7264.000244140625   2.790200105534879E-8    
  7274.000244140625   2.996627297494979E-8    
  7284.000244140625   3.5407585268533094E-8   
  7294.000244140625   3.8948511909247524E-8   
  7304.000244140625   4.677882416913955E-8    
  7314.000244140625   4.797574690720871E-8    
  7324.000244140625   4.807646171075674E-8    
  7334.000244140625   5.2511212844676946E-8   
  7344.000244140625   6.425216196839885E-8    
  7354.000244140625   6.699730925154225E-8    
  7364.000244140625   7.253856972798756E-8    
  7374.000244140625   6.18933268737156E-8     
  7384.000244140625   6.236725943657815E-8    
  7394.000244140625   5.3980948754248305E-8   
  7404.000244140625   5.6760656662414993E-8   
  7414.000244140625   4.179561603085656E-8    
  7424.000244140625   2.5362466576747975E-8   
  7434.000244140625   1.928491036179513E-8    
  7444.000244140625   1.9505097206642118E-8   
  7454.000244140625   3.5387832308720486E-8   
  7464.000244140625   3.0162688524322205E-8   
  7474.000244140625   4.836318202937533E-8    
  7484.000244140625   4.109433164047716E-8    
  7494.000244140625   4.0948240254416226E-8   
  7504.000244140625   3.190241043912213E-8    
  7514.000244140625   3.026685952119984E-8    
  7524.000244140625   2.9378195363269173E-8   
  7534.000244140625   2.999215991977471E-8    
  7544.000244140625   2.8750409432904448E-8   
  7554.000244140625   2.6651954828011953E-8   
  7564.000244140625   4.231086490805534E-8    
  7574.000244140625   5.0672963750146187E-8   
  7584.000244140625   5.789629413678632E-8    
  7594.000244140625   4.737573493199086E-8    
  7604.000244140625   4.590445393848948E-8    
  7614.000244140625   3.9157276039254094E-8   
  7624.000244140625   3.924495801999083E-8    
  7634.000244140625   3.571816785763955E-8    
  7644.000244140625   3.915403707426152E-8    
  7654.000244140625   3.843396649203395E-8    
  7664.000244140625   4.536743807715645E-8    
  7674.000244140625   5.9118347659063176E-8   
  7684.000244140625   6.92117902784531E-8     
  7694.000244140625   6.238480721608272E-8    
  7704.000244140625   5.503613114599477E-8    
  7714.000244140625   6.96380492337705E-8     
  7724.000244140625   6.332909981955229E-8    
  7734.000244140625   7.516609593214472E-8    
  7744.000244140625   6.423217198252812E-8    
  7754.000244140625   6.710064816319345E-8    
  7764.000244140625   6.048893667435072E-8    
  7774.000244140625   6.435229505849876E-8    
  7784.000244140625   5.528944858697501E-8    
  7794.000244140625   5.776996926916345E-8    
  7804.000244140625   5.6270279206763846E-8   
  7814.000244140625   5.563195161729414E-8    
  7824.000244140625   4.364309066751113E-8    
  7834.000244140625   4.4679520493738866E-8   
  7844.000244140625   4.403937013962472E-8    
  7854.000244140625   4.077794267110519E-8    
  7864.000244140625   3.834204222336999E-8    
  7874.000244140625   4.752887574802964E-8    
  7884.000244140625   6.56120529996528E-8     
  7894.000244140625   7.146738134880481E-8    
  7904.000244140625   6.153975214593007E-8    
  7914.000244140625   4.923504575434075E-8    
  7924.000244140625   4.5669741562994886E-8   
  7934.000244140625   4.2393092445344953E-8   
  7944.000244140625   8.410526864511786E-8    
  7954.000244140625   1.3893518615425805E-7   
  7964.000244140626   1.7889261310369344E-7   
  7974.000244140626   2.0573107386913442E-7   
  7984.000244140626   2.2674800523444496E-7   
  7994.000244140626   2.4657680781554877E-7   
  8004.000244140626   2.42750414599945E-7     
  8014.000244140626   2.559876194448319E-7    
  8024.000244140626   2.7564963285814464E-7   
  8034.000244140626   2.9538160771855006E-7   
  8044.000244140626   3.0081281747280284E-7   
  8054.000244140626   3.0742156053449735E-7   
  8064.000244140626   3.062144351757981E-7    
  8074.000244140624   3.1992856574843383E-7   
  8084.000244140624   3.0686022561218513E-7   
  8094.000244140624   2.846140001309225E-7    
  8104.000244140624   2.919582092728245E-7    
  8114.000244140624   2.569949480175059E-7    
  8124.000244140624   2.0534506990870867E-7   
  8134.000244140624   1.811639496074923E-7    
  8144.000244140624   1.57552573630424E-7     
  8154.000244140624   1.1886372433057491E-7   
  8164.000244140624   1.0600508339657967E-7   
  8174.000244140624   9.780164879027842E-8    
  8184.000244140625   8.077570945141132E-8    
  8194.000244140625   7.758199979534105E-8    
  8204.000244140625   6.520273288937391E-8    
  8214.000244140625   6.505101874925283E-8    
  8224.000244140625   6.440860683731644E-8    
  8234.000244140625   6.258886776315143E-8    
  8244.000244140625   5.914759830414812E-8    
  8254.000244140625   7.033688093217963E-8    
  8264.000244140625   7.719824808314375E-8    
  8274.000244140625   7.501924245527467E-8    
  8284.000244140625   7.739788551288284E-8    
  8294.000244140625   6.870901778757182E-8    
  8304.000244140625   5.79574497496673E-8     
  8314.000244140625   4.969848466975124E-8    
  8324.000244140625   4.1350200444198775E-8   
  8334.000244140625   3.5321682902329734E-8   
  8344.000244140625   4.384115795733563E-8    
  8354.000244140625   5.08439585117212E-8     
  8364.000244140625   5.204145721626605E-8    
  8374.000244140625   6.083354013024237E-8    
  8384.000244140625   5.386416961048587E-8    
  8394.000244140625   4.9843344874291376E-8   
  8404.000244140625   5.366557036597418E-8    
  8414.000244140625   6.583780962771153E-8    
  8424.000244140625   7.110157377298651E-8    
  8434.000244140625   7.341638347191432E-8    
  8444.000244140625   6.348006015049745E-8    
  8454.000244140625   8.754048250360536E-8    
  8464.000244140625   9.387702930266558E-8    
  8474.000244140625   8.805267679920546E-8    
  8484.000244140625   9.029750267737307E-8    
  8494.000244140625   1.139486380931885E-7    
  8504.000244140625   9.58754649404251E-8     
  8514.000244140625   7.22215190562628E-8     
  8524.000244140625   7.542114077836796E-8    
  8534.000244140625   6.84116368585428E-8     
  8544.000244140625   8.469256026789101E-8    
  8554.000244140625   9.096870544262133E-8    
  8564.000244140625   1.0052328572942202E-7   
  8574.000244140625   1.1441351233551513E-7   
  8584.000244140625   1.3761350536703082E-7   
  8594.000244140625   1.1739129871282839E-7   
  8604.000244140625   9.727323882146287E-8    
  8614.000244140625   1.1811999775780921E-7   
  8624.000244140625   1.4213179251414604E-7   
  8634.000244140625   1.1689277130310955E-7   
  8644.000244140625   1.1000792129227215E-7   
  8654.000244140625   1.0938426453354282E-7   
  8664.000244140625   9.321666519869274E-8    
  8674.000244140625   6.015887470232918E-8    
  8684.000244140625   4.941543864153823E-8    
  8694.000244140625   5.833803972998148E-8    
  8704.000244140625   7.969015612910987E-8    
  8714.000244140625   7.075908486891686E-8    
  8724.000244140625   8.657828422392607E-8    
  8734.000244140625   8.054698098044267E-8    
  8744.000244140625   1.0043189821389785E-7   
  8754.000244140625   7.916892781150543E-8    
  8764.000244140625   1.1638795006178608E-7   
  8774.000244140625   1.48388329054921E-7     
  8784.000244140625   1.245119214969785E-7    
  8794.000244140625   1.2488555276173775E-7   
  8804.000244140625   2.1357718263414332E-7   
  8814.000244140625   1.688112503477961E-7    
  8824.000244140625   1.7111335609801735E-7   
  8834.000244140625   4.4449919908202587E-7   
  8844.000244140625   6.739478530129904E-7    
  8854.000244140625   6.946372999175991E-7    
  8864.000244140625   8.490293462000012E-7    
  8874.000244140625   7.488262814522917E-7    
  8884.000244140625   5.862995235580821E-7    
  8894.000244140625   8.340183802463047E-7    
  8904.000244140625   6.828637984701621E-7    
  8914.000244140625   7.213921234274714E-7    
  8924.000244140625   9.21926314919538E-7     
  8934.000244140625   1.1342220039543297E-6   
  8944.000244140625   8.06667002958501E-7     
  8954.000244140625   7.341734253708735E-7    
  8964.000244140625   5.627234199464751E-7    
  8974.000244140625   4.6561364712272797E-7   
  8984.000244140625   2.3851794556376904E-7   
  8994.000244140625   2.685173999844011E-7    
  9004.000244140625   2.654309666438256E-7    
  9014.000244140625   2.717113500852368E-7    
  9024.000244140625   2.8586054254015884E-7   
  9034.000244140625   2.7696602875135556E-7   
  9044.000244140625   2.655052478412242E-7    
  9054.000244140625   2.5618534121509137E-7   
  9064.000244140625   2.3466962029255498E-7   
  9074.000244140625   2.2338523901148125E-7   
  9084.000244140625   2.3015797070338133E-7   
  9094.000244140625   1.9547974839899115E-7   
  9104.000244140625   1.9636214287190727E-7   
  9114.000244140625   2.1601284792256954E-7   
  9124.000244140625   1.9711202510752647E-7   
  9134.000244140625   1.9781043246949636E-7   
  9144.000244140625   2.1732863411074466E-7   
  9154.000244140625   2.0802653025772052E-7   
  9164.000244140625   1.8923183995817125E-7   
  9174.000244140625   1.834789943267475E-7    
  9184.000244140625   1.8189642933570475E-7   
  9194.000244140625   2.1181706874740393E-7   
  9204.000244140625   2.0980511748273317E-7   
  9214.000244140625   2.2121906577665808E-7   
  9224.000244140625   2.656068910302422E-7    
  9234.000244140625   2.868242214577662E-7    
  9244.000244140625   2.85095866412235E-7     
  9254.000244140625   3.068923990372666E-7    
  9264.000244140625   3.0085551271815385E-7   
  9274.000244140625   2.917197565590102E-7    
  9284.000244140625   3.0591781512565643E-7   
  9294.000244140625   3.2360233102829233E-7   
  9304.000244140625   3.2031564163147515E-7   
  9314.000244140625   3.484147142179768E-7    
  9324.000244140625   3.655163102361638E-7    
  9334.000244140625   3.8346018162798683E-7   
  9344.000244140625   3.880646793908149E-7    
  9354.000244140625   4.069446812846878E-7    
  9364.000244140625   4.1716577626534133E-7   
  9374.000244140625   4.16534145541816E-7     
  9384.000244140625   4.06183630386651E-7     
  9394.000244140625   4.1526685850218426E-7   
  9404.000244140625   4.2088456400995394E-7   
  9414.000244140625   4.09030415158686E-7     
  9424.000244140625   3.9925176913079305E-7   
  9434.000244140625   3.8419844738059905E-7   
  9444.000244140625   3.897560158569163E-7    
  9454.000244140625   4.12192491659604E-7     
  9464.000244140625   3.9505548933744515E-7   
  9474.000244140625   3.749727542679182E-7    
  9484.000244140625   3.950365673616892E-7    
  9494.000244140625   3.883070009504828E-7    
  9504.000244140625   3.597921176073055E-7    
  9514.000244140625   3.912029802350915E-7    
  9524.000244140625   3.979360407704299E-7    
  9534.000244140625   3.8972176181007024E-7   
  9544.000244140625   3.987638127444467E-7    
  9554.000244140625   3.897817530975959E-7    
  9564.000244140625   3.587482891150765E-7    
  9574.000244140625   3.606967230216313E-7    
  9584.000244140625   3.64890673332751E-7     
  9594.000244140625   3.2098982375789174E-7   
  9604.000244140625   3.0178189692380546E-7   
  9614.000244140625   3.13510568027483E-7     
  9624.000244140625   3.0090769625319447E-7   
  9634.000244140625   2.8648398365491714E-7   
  9644.000244140625   3.0419767797442694E-7   
  9654.000244140625   3.0727710285615756E-7   
  9664.000244140625   3.031695248154857E-7    
  9674.000244140625   2.9974691715419367E-7   
  9684.000244140625   3.07674350788922E-7     
  9694.000244140625   3.070003258641335E-7    
  9704.000244140625   2.966775970385794E-7    
  9714.000244140625   3.0107296829643183E-7   
  9724.000244140625   3.2075278273654183E-7   
  9734.000244140625   3.1670080945602665E-7   
  9744.000244140625   3.1483988248444205E-7   
  9754.000244140625   3.394778553144846E-7    
  9764.000244140625   3.531260070227581E-7    
  9774.000244140625   3.5294971441659485E-7   
  9784.000244140625   3.3792170314392576E-7   
  9794.000244140625   3.423833735730531E-7    
  9804.000244140625   3.3239727698644785E-7   
  9814.000244140625   3.408439504750303E-7    
  9824.000244140625   3.3224090918128223E-7   
  9834.000244140625   3.3655024618557256E-7   
  9844.000244140625   3.225938760478758E-7    
  9854.000244140625   3.1018545880567306E-7   
  9864.000244140625   2.8350489207913953E-7   
  9874.000244140625   2.9585219335184373E-7   
  9884.000244140625   3.0346479100832777E-7   
  9894.000244140625   3.09799582774048E-7     
  9904.000244140625   3.0891729107715894E-7   
  9914.000244140625   3.122352709799365E-7    
  9924.000244140625   3.084330286076082E-7    
  9934.000244140625   2.935997058996335E-7    
  9944.000244140625   2.7828203540981624E-7   
  9954.000244140625   9.038458120691604E-7    
  9964.000244140625   1.5220308709167924E-6   
  9974.000244140625   1.894490816682434E-6    
  9984.000244140625   2.0990207005656345E-6   
  9994.000244140625   2.5496731613333183E-6   
  10004.000244140625  2.6456648023575436E-6   
  10014.000244140623  2.739642078726643E-6    
  10024.000244140625  2.6063408793731617E-6   
  10034.000244140623  2.515302289512994E-6    
  10044.000244140625  2.413601220809639E-6    
  10054.000244140623  2.4206459140049336E-6   
  10064.000244140625  2.332965487140698E-6    
  10074.000244140623  2.4596303709771092E-6   
  10084.000244140625  2.482852601483672E-6    
  10094.000244140623  2.414579862403922E-6    
  10104.000244140625  2.328506529877923E-6    
  10114.000244140623  2.485834545309468E-6    
  10124.000244140625  2.5839584628735134E-6   
  10134.000244140623  2.5338451567713905E-6   
  10144.000244140625  2.5656074047891804E-6   
  10154.000244140623  2.4828852272930635E-6   
  10164.000244140625  2.294206471125101E-6    
  10174.000244140625  2.278106636783505E-6    
  10184.000244140625  2.311784392349915E-6    
  10194.000244140625  2.3869402646480957E-6   
  10204.000244140625  2.291545863692596E-6    
  10214.000244140625  2.2510088491600625E-6   
  10224.000244140625  2.2286397014608664E-6   
  10234.000244140625  2.243173915598684E-6    
  10244.000244140625  2.318283947389015E-6    
  10254.000244140625  2.1745074981693896E-6   
  10264.000244140625  1.9528295638819836E-6   
  10274.000244140625  1.9007158941235956E-6   
  10284.000244140625  2.241830872382768E-6    
  10294.000244140625  2.3844345145432345E-6   
  10304.000244140625  2.3646843743719058E-6   
  10314.000244140625  2.384933553280477E-6    
  10324.000244140625  2.1974721301975917E-6   
  10334.000244140625  2.1289216421229176E-6   
  10344.000244140625  2.01584698573758E-6     
  10354.000244140625  2.0473569313671975E-6   
  10364.000244140625  2.121320359924907E-6    
  10374.000244140625  2.1332195192692556E-6   
  10384.000244140625  2.1492948752095653E-6   
  10394.000244140625  2.1438254867650012E-6   
  10404.000244140625  2.0558746364312973E-6   
  10414.000244140625  2.0232729662809186E-6   
  10424.000244140625  2.015798466331027E-6    
  10434.000244140625  1.969456113760764E-6    
  10444.000244140625  1.9436415791979195E-6   
  10454.000244140625  1.8538311531615395E-6   
  10464.000244140625  2.019608592412533E-6    
  10474.000244140625  2.0930528038281555E-6   
  10484.000244140625  2.136768060757977E-6    
  10494.000244140625  2.0018196370205863E-6   
  10504.000244140625  2.10068033161772E-6     
  10514.000244140625  2.069792135979145E-6    
  10524.000244140625  2.0318131951900317E-6   
  10534.000244140625  1.9807601333035663E-6   
  10544.000244140625  1.9998415133229966E-6   
  10554.000244140625  1.8580885324510122E-6   
  10564.000244140625  1.8446644368328319E-6   
  10574.000244140625  1.7049503206235856E-6   
  10584.000244140625  1.8759086909804848E-6   
  10594.000244140625  1.96746948166699E-6     
  10604.000244140625  1.8781959511085925E-6   
  10614.000244140625  1.815582239592446E-6    
  10624.000244140625  1.933369889487884E-6    
  10634.000244140625  1.9096608296682927E-6   
  10644.000244140625  1.7699958219488662E-6   
  10654.000244140625  1.8503782003513325E-6   
  10664.000244140625  1.6841178363811373E-6   
  10674.000244140625  1.7750569624269356E-6   
  10684.000244140625  1.9350312272533857E-6   
  10694.000244140625  1.914715854212287E-6    
  10704.000244140625  1.822901694698886E-6    
  10714.000244140625  1.8665897031592226E-6   
  10724.000244140625  1.8779450426664809E-6   
  10734.000244140625  1.9383824824631124E-6   
  10744.000244140625  1.7747621038101987E-6   
  10754.000244140625  1.8210649815476756E-6   
  10764.000244140625  1.8640049856735293E-6   
  10774.000244140625  1.8845755866715795E-6   
  10784.000244140625  1.930115389472369E-6    
  10794.000244140625  1.7382889534500455E-6   
  10804.000244140625  1.6922692892267255E-6   
  10814.000244140625  1.8072160317349045E-6   
  10824.000244140625  1.8043575626076303E-6   
  10834.000244140625  1.8728494060834376E-6   
  10844.000244140625  1.931083999395656E-6    
  10854.000244140625  1.889829259461971E-6    
  10864.000244140625  1.823189677751239E-6    
  10874.000244140625  1.785506484895222E-6    
  10884.000244140625  1.9288110152005777E-6   
  10894.000244140625  1.813412204152107E-6    
  10904.000244140625  1.805371807784735E-6    
  10914.000244140625  1.750095995338924E-6    
  10924.000244140625  1.8560052107605921E-6   
  10934.000244140625  1.8651849811058395E-6   
  10944.000244140625  1.9742047184213096E-6   
  10954.000244140625  1.8439718634644148E-6   
  10964.000244140625  1.720982447778423E-6    
  10974.000244140625  1.6395936301864526E-6   
  10984.000244140627  1.714895293937378E-6    
  10994.000244140625  1.887453534228169E-6    
  11004.000244140627  1.8215246596365595E-6   
  11014.000244140625  1.745178290582484E-6    
  11024.000244140627  1.8805416085527644E-6   
  11034.000244140625  1.8605666679436514E-6   
  11044.000244140627  1.7782462565666907E-6   
  11054.000244140625  1.7573075565798989E-6   
  11064.000244140627  1.7900829379303188E-6   
  11074.000244140625  1.7829706848673157E-6   
  11084.000244140627  1.7369747167727215E-6   
  11094.000244140625  1.8743229360488333E-6   
  11104.000244140627  1.9042240225119059E-6   
  11114.000244140625  1.8240431643461156E-6   
  11124.000244140627  1.6444302892535931E-6   
  11134.000244140625  1.7024928686109415E-6   
  11144.000244140627  1.7507404720294148E-6   
  11154.000244140625  1.951870127275261E-6    
  11164.000244140627  1.7996043944609108E-6   
  11174.000244140625  1.6651520762005164E-6   
  11184.000244140627  1.771000582183975E-6    
  11194.000244140625  1.6785052353798156E-6   
  11204.000244140623  1.5808941208868632E-6   
  11214.000244140625  1.5948482200129918E-6   
  11224.000244140623  1.6774337934149918E-6   
  11234.000244140625  1.6927074408573324E-6   
  11244.000244140623  1.6567749661534794E-6   
  11254.000244140625  1.7105405464590547E-6   
  11264.000244140623  1.749355488501235E-6    
  11274.000244140625  1.7255494323812682E-6   
  11284.000244140623  1.7214235978941177E-6   
  11294.000244140625  1.7340907384620649E-6   
  11304.000244140623  1.7110818145605517E-6   
  11314.000244140625  1.7497530602303613E-6   
  11324.000244140623  1.7826090561180179E-6   
  11334.000244140625  1.7456663400000114E-6   
  11344.000244140623  1.6679394121586323E-6   
  11354.000244140625  1.703491723397211E-6    
  11364.000244140623  1.6215985025334827E-6   
  11374.000244140625  1.7738165705920108E-6   
  11384.000244140623  1.7489956480406038E-6   
  11394.000244140625  1.605146138784756E-6    
  11404.000244140623  1.5867096597647212E-6   
  11414.000244140625  1.604484475320005E-6    
  11424.000244140625  1.6919733441889234E-6   
  11434.000244140625  1.811894031484409E-6    
  11444.000244140625  1.7312124280318614E-6   
  11454.000244140625  1.696917334132468E-6    
  11464.000244140625  1.753734552024216E-6    
  11474.000244140625  1.8296869310955535E-6   
  11484.000244140625  1.836253622031655E-6    
  11494.000244140625  1.897310500350596E-6    
  11504.000244140625  1.783700500204692E-6    
  11514.000244140625  1.6183595880409091E-6   
  11524.000244140625  1.5441490052365737E-6   
  11534.000244140625  1.6503783086276357E-6   
  11544.000244140625  1.6695108234715058E-6   
  11554.000244140625  1.6663802203304331E-6   
  11564.000244140625  1.770879985516423E-6    
  11574.000244140625  1.8082166674146412E-6   
  11584.000244140625  1.8870805806360196E-6   
  11594.000244140625  1.7919328094485798E-6   
  11604.000244140625  1.7733000446352658E-6   
  11614.000244140625  1.9186153394161845E-6   
  11624.000244140625  1.763121632653379E-6    
  11634.000244140625  1.6683421746113705E-6   
  11644.000244140625  1.8208297337927315E-6   
  11654.000244140625  1.7822964217980485E-6   
  11664.000244140625  1.825525292415457E-6    
  11674.000244140625  1.8267198079385254E-6   
  11684.000244140625  1.9475438134950526E-6   
  11694.000244140625  1.8130324539315958E-6   
  11704.000244140625  1.7229294923318966E-6   
  11714.000244140625  1.7415316428016425E-6   
  11724.000244140625  1.6493312658096985E-6   
  11734.000244140625  1.7373538881313533E-6   
  11744.000244140625  1.737648628528742E-6    
  11754.000244140625  1.7157203297714436E-6   
  11764.000244140625  1.6960042816645316E-6   
  11774.000244140625  1.7408214841684553E-6   
  11784.000244140625  1.726680177012239E-6    
  11794.000244140625  1.7970489956583158E-6   
  11804.000244140625  1.8068980642243314E-6   
  11814.000244140625  1.7934401611329566E-6   
  11824.000244140625  1.7584823609182283E-6   
  11834.000244140625  1.7220749628667214E-6   
  11844.000244140625  1.8003776027621859E-6   
  11854.000244140625  1.7598644724691495E-6   
  11864.000244140625  1.6593399772542022E-6   
  11874.000244140625  1.8091501026936273E-6   
  11884.000244140625  1.8393041830288287E-6   
  11894.000244140625  1.784985073264838E-6    
  11904.000244140625  1.6655948916993477E-6   
  11914.000244140625  1.731679047305823E-6    
  11924.000244140625  2.019086913315338E-6    
  11934.000244140625  1.9813701715035222E-6   
  11944.000244140625  1.8150365659598928E-6   
  11954.000244140625  1.806901856384819E-6    
  11964.000244140625  1.777521137020878E-6    
  11974.000244140625  1.848508186084021E-6    
  11984.000244140625  1.8859872262726242E-6   
  11994.000244140625  1.8690826484426045E-6   
  12004.000244140625  1.7977391973960535E-6   
  12014.000244140625  1.7384600587763427E-6   
  12024.000244140625  1.7913596434736515E-6   
  12034.000244140625  1.900994174478432E-6    
  12044.000244140625  1.805640526213149E-6    
  12054.000244140625  1.5584030297799563E-6   
  12064.000244140625  1.7282499460525842E-6   
  12074.000244140625  1.8147230638974895E-6   
  12084.000244140625  1.8557624156670099E-6   
  12094.000244140625  1.7988603321634165E-6   
  12104.000244140625  1.6888079865988101E-6   
  12114.000244140625  1.6859971964967603E-6   
  12124.000244140625  1.6123594927023777E-6   
  12134.000244140625  1.6302601978308963E-6   
  12144.000244140625  1.7364839356524069E-6   
  12154.000244140625  1.611365997195503E-6    
  12164.000244140625  1.5270091391003136E-6   
  12174.000244140625  1.6949349918179205E-6   
  12184.000244140625  1.8297092683444855E-6   
  12194.000244140625  1.753223700354607E-6    
  12204.000244140625  1.8027059857707705E-6   
  12214.000244140625  1.8255868923030665E-6   
  12224.000244140625  1.8499851773312576E-6   
  12234.000244140627  1.7450573006234884E-6   
  12244.000244140625  1.8076022738648079E-6   
  12254.000244140627  1.943554657934573E-6    
  12264.000244140625  1.9790992326440034E-6   
  12274.000244140627  1.9062747680580842E-6   
  12284.000244140625  1.928312383321153E-6    
  12294.000244140627  1.9177814226466472E-6   
  12304.000244140625  1.8255572450765694E-6   
  12314.000244140627  1.8049388108060262E-6   
  12324.000244140625  1.7339214883314616E-6   
  12334.000244140627  1.7356295090401453E-6   
  12344.000244140625  1.8773905184489577E-6   
  12354.000244140627  1.9516859650259252E-6   
  12364.000244140625  1.940303944320622E-6    
  12374.000244140627  1.8389376223904476E-6   
  12384.000244140625  1.8319044181169337E-6   
  12394.000244140627  1.846924203125946E-6    
  12404.000244140625  1.89916591205019E-6     
  12414.000244140627  1.8533947943048674E-6   
  12424.000244140625  1.8599635270501892E-6   
  12434.000244140627  1.8546107098265957E-6   
  12444.000244140625  1.8488111153130314E-6   
  12454.000244140623  1.8803790919430514E-6   
  12464.000244140625  1.8662010029140602E-6   
  12474.000244140623  2.03768012299017E-6     
  12484.000244140625  2.083796970189018E-6    
  12494.000244140623  2.0409417168530612E-6   
  12504.000244140625  1.8803696445269043E-6   
  12514.000244140623  1.9010592916105082E-6   
  12524.000244140625  2.0091202608674902E-6   
  12534.000244140623  1.8983768482084008E-6   
  12544.000244140625  1.9559062509536674E-6   
  12554.000244140623  1.9167573502186837E-6   
  12564.000244140625  1.8968633302451432E-6   
  12574.000244140623  1.8697032901762442E-6   
  12584.000244140625  1.8551036737112492E-6   
  12594.000244140623  1.92905477203004E-6     
  12604.000244140625  1.8540617518000167E-6   
  12614.000244140623  1.8229110753324583E-6   
  12624.000244140625  1.9531210276770967E-6   
  12634.000244140623  2.1509187625729366E-6   
  12644.000244140625  2.1621314067217032E-6   
  12654.000244140623  1.9459238729504676E-6   
  12664.000244140625  1.862836133055041E-6    
  12674.000244140625  1.8869064293151268E-6   
  12684.000244140625  1.9069948721928539E-6   
  12694.000244140625  1.87072942716153E-6     
  12704.000244140625  1.927734004737018E-6    
  12714.000244140625  1.9394140017156487E-6   
  12724.000244140625  1.9364526385075374E-6   
  12734.000244140625  2.01617684894959E-6     
  12744.000244140625  1.9919866712821545E-6   
  12754.000244140625  1.7591251766102488E-6   
  12764.000244140625  1.9222116949551443E-6   
  12774.000244140625  2.041020804227437E-6    
  12784.000244140625  1.928945711403391E-6    
  12794.000244140625  1.815863229396845E-6    
  12804.000244140625  1.8570051943112185E-6   
  12814.000244140625  1.9362013901035442E-6   
  12824.000244140625  1.952836153070475E-6    
  12834.000244140625  1.962981201672228E-6    
  12844.000244140625  1.8843625869923393E-6   
  12854.000244140625  1.8317509980300871E-6   
  12864.000244140625  1.8398178040117138E-6   
  12874.000244140625  1.8934659194016237E-6   
  12884.000244140625  2.0458924536354634E-6   
  12894.000244140625  2.080714229806566E-6    
  12904.000244140625  1.9807681990775858E-6   
  12914.000244140625  2.0107784609842918E-6   
  12924.000244140625  2.0447329787810432E-6   
  12934.000244140625  2.0669295075004195E-6   
  12944.000244140625  2.0959473774835173E-6   
  12954.000244140625  1.9799251124817702E-6   
  12964.000244140625  1.963349575018995E-6    
  12974.000244140625  2.0511820382849218E-6   
  12984.000244140625  2.094455173373523E-6    
  12994.000244140625  1.9824545736159924E-6   
  13004.000244140625  1.98535469805243E-6     
  13014.000244140625  2.0668434349274385E-6   
  13024.000244140625  2.010364570565409E-6    
  13034.000244140625  2.12535579325403E-6     
  13044.000244140625  2.027699016193745E-6    
  13054.000244140625  2.043946309339276E-6    
  13064.000244140625  2.050711601626209E-6    
  13074.000244140625  2.0545725836098133E-6   
  13084.000244140625  1.9864315984736886E-6   
  13094.000244140625  2.056427654567961E-6    
  13104.000244140625  2.1388039077781315E-6   
  13114.000244140625  2.2284333412639688E-6   
  13124.000244140625  2.1041287214365157E-6   
  13134.000244140625  2.21201713689235E-6     
  13144.000244140625  2.1377419010690003E-6   
  13154.000244140625  2.0316411163087255E-6   
  13164.000244140625  2.0533020545477037E-6   
  13174.000244140625  2.1120031497358283E-6   
  13184.000244140625  2.1604637680217626E-6   
  13194.000244140625  2.0769709500999834E-6   
  13204.000244140625  2.0204713025537353E-6   
  13214.000244140625  2.1122900998405153E-6   
  13224.000244140625  2.033352608659089E-6    
  13234.000244140625  2.0567951698301424E-6   
  13244.000244140625  1.8505762395312366E-6   
  13254.000244140625  1.9490383007805213E-6   
  13264.000244140625  2.0290538583271947E-6   
  13274.000244140625  2.025350531272037E-6    
  13284.000244140625  2.006219699104735E-6    
  13294.000244140625  2.1256431486446165E-6   
  13304.000244140625  2.1950580271008175E-6   
  13314.000244140625  2.2146110789518034E-6   
  13324.000244140625  1.971446325843051E-6    
  13334.000244140625  1.9885422423617502E-6   
  13344.000244140625  2.009488294879677E-6    
  13354.000244140625  2.0182923256500053E-6   
  13364.000244140625  2.1334916482449795E-6   
  13374.000244140625  2.1124192416143116E-6   
  13384.000244140625  2.0712002775099666E-6   
  13394.000244140625  2.1235900498879676E-6   
  13404.000244140625  2.146302270163559E-6    
  13414.000244140625  2.136765276494083E-6    
  13424.000244140625  2.252681851778917E-6    
  13434.000244140625  2.444953986124802E-6    
  13444.000244140625  2.3394543641761924E-6   
  13454.000244140625  2.171113527078251E-6    
  13464.000244140625  2.250262256511589E-6    
  13474.000244140625  2.3358427447027665E-6   
  13484.000244140627  2.4492768833009848E-6   
  13494.000244140625  2.603103228960861E-6    
  13504.000244140627  2.4362502824077872E-6   
  13514.000244140625  2.268569693487331E-6    
  13524.000244140627  2.377894806396054E-6    
  13534.000244140625  2.636143988278375E-6    
  13544.000244140627  2.3532651509418337E-6   
  13554.000244140625  2.316649683432805E-6    
  13564.000244140627  2.4865997048286865E-6   
  13574.000244140625  2.3739079854890924E-6   
  13584.000244140627  2.427726390602532E-6    
  13594.000244140625  2.8166571818842313E-6   
  13604.000244140627  2.9187879875689373E-6   
  13614.000244140625  2.5610199482302694E-6   
  13624.000244140627  2.5408200477289962E-6   
  13634.000244140625  2.485453043204148E-6    
  13644.000244140627  2.407167163741338E-6    
  13654.000244140625  2.477982491565525E-6    
  13664.000244140627  2.604142883190796E-6    
  13674.000244140625  2.382028421394173E-6    
  13684.000244140627  2.372237102326389E-6    
  13694.000244140625  2.5052792393194425E-6   
  13704.000244140623  2.6609983158846598E-6   
  13714.000244140625  2.624830556942276E-6    
  13724.000244140623  2.582455360242894E-6    
  13734.000244140625  2.7276864314573954E-6   
  13744.000244140623  2.6561884815928753E-6   
  13754.000244140625  2.717361830767594E-6    
  13764.000244140623  2.727406035678404E-6    
  13774.000244140625  2.851386010558738E-6    
  13784.000244140623  2.6860657955447626E-6   
  13794.000244140625  2.7990360892390104E-6   
  13804.000244140623  2.69830336144924E-6     
  13814.000244140625  2.689494642904328E-6    
  13824.000244140623  2.7851666367770093E-6   
  13834.000244140625  2.7338725503285437E-6   
  13844.000244140623  2.7339492171032765E-6   
  13854.000244140625  2.7301440778359296E-6   
  13864.000244140623  2.733092176283699E-6    
  13874.000244140625  2.5086245094661077E-6   
  13884.000244140623  2.5389055290442456E-6   
  13894.000244140625  2.48547675228689E-6     
  13904.000244140623  2.4415766658261875E-6   
  13914.000244140625  2.3962233211857126E-6   
  13924.000244140625  2.5282664196118435E-6   
  13934.000244140625  2.5303139067207975E-6   
  13944.000244140625  2.5061622945720285E-6   
  13954.000244140625  2.3421669887520097E-6   
  13964.000244140625  2.388415794917292E-6    
  13974.000244140625  2.5075446160978926E-6   
  13984.000244140625  2.4574117928222017E-6   
  13994.000244140625  2.428549361243923E-6    
  14004.000244140625  2.4521411281242342E-6   
  14014.000244140625  2.655966991656192E-6    
  14024.000244140625  2.6947687777592013E-6   
  14034.000244140625  2.701446604110039E-6    
  14044.000244140625  2.655224727695579E-6    
  14054.000244140625  2.3710070615782456E-6   
  14064.000244140625  2.227301234405472E-6    
  14074.000244140625  2.3597707094521947E-6   
  14084.000244140625  2.3754555279077014E-6   
  14094.000244140625  2.4811958328433392E-6   
  14104.000244140625  2.399051923336341E-6    
  14114.000244140625  2.1446549008369777E-6   
  14124.000244140625  2.216933214033569E-6    
  14134.000244140625  2.421384265980576E-6    
  14144.000244140625  2.421528896547737E-6    
  14154.000244140625  2.529673975112662E-6    
  14164.000244140625  2.4389325210289585E-6   
  14174.000244140625  2.5673916629305485E-6   
  14184.000244140625  2.5847558527589006E-6   
  14194.000244140625  2.581721828273564E-6    
  14204.000244140625  2.392131440748444E-6    
  14214.000244140625  2.2450662011982028E-6   
  14224.000244140625  2.2763915683147386E-6   
  14234.000244140625  2.454603228595851E-6    
  14244.000244140625  2.5600542586392864E-6   
  14254.000244140625  2.4019222136980863E-6   
  14264.000244140625  2.208026896821312E-6    
  14274.000244140625  2.3308027711808985E-6   
  14284.000244140625  2.369457310069113E-6    
  14294.000244140625  2.4521316752396057E-6   
  14304.000244140625  2.4091655139156705E-6   
  14314.000244140625  2.4325684234505895E-6   
  14324.000244140625  2.48972937701051E-6     
  14334.000244140625  2.6164618150231904E-6   
  14344.000244140625  2.54645536415114E-6     
  14354.000244140625  2.351535940693841E-6    
  14364.000244140625  2.3343774079453357E-6   
  14374.000244140625  2.6605697681004103E-6   
  14384.000244140625  2.5853435822930547E-6   
  14394.000244140625  2.3404426717989316E-6   
  14404.000244140625  2.3905214667520843E-6   
  14414.000244140625  2.399375950193715E-6    
  14424.000244140625  2.4064060135271536E-6   
  14434.000244140625  2.4697708806160283E-6   
  14444.000244140625  2.3949323965807333E-6   
  14454.000244140625  2.4656363993391276E-6   
  14464.000244140625  2.401449408913305E-6    
  14474.000244140625  2.2296862696080825E-6   
  14484.000244140625  2.347593298549207E-6    
  14494.000244140625  2.3847473925321016E-6   
  14504.000244140625  2.4201683007895727E-6   
  14514.000244140625  2.4844620897889084E-6   
  14524.000244140625  2.553039990113042E-6    
  14534.000244140625  2.5229918670140002E-6   
  14544.000244140625  2.5067647233458176E-6   
  14554.000244140625  2.4528958135945555E-6   
  14564.000244140625  2.3391149140914455E-6   
  14574.000244140625  2.3174794528949134E-6   
  14584.000244140625  2.5205650383989763E-6   
  14594.000244140625  2.6043761021146132E-6   
  14604.000244140625  2.596022811746465E-6    
  14614.000244140625  2.5043140937595074E-6   
  14624.000244140625  2.2506813912373186E-6   
  14634.000244140625  2.26631986495815E-6     
  14644.000244140625  2.302653966958407E-6    
  14654.000244140625  2.473271154123567E-6    
  14664.000244140625  2.5869599173113716E-6   
  14674.000244140625  2.738668713017617E-6    
  14684.000244140625  2.7388356228517465E-6   
  14694.000244140625  2.9218268553895253E-6   
  14704.000244140625  2.8535281955033677E-6   
  14714.000244140625  2.869761877105634E-6    
  14724.000244140625  2.9331813979497906E-6   
  14734.000244140627  2.8720110301719513E-6   
  14744.000244140625  2.7448496398042452E-6   
  14754.000244140627  2.7430790663571905E-6   
  14764.000244140625  2.763643651253749E-6    
  14774.000244140627  2.616886808547095E-6    
  14784.000244140625  2.665967447354643E-6    
  14794.000244140627  2.5992195935986345E-6   
  14804.000244140625  2.639880903537791E-6    
  14814.000244140627  2.4257260788017877E-6   
  14824.000244140625  2.404439141052668E-6    
  14834.000244140627  2.4430091855155694E-6   
  14844.000244140625  2.595688459220967E-6    
  14854.000244140627  2.8056320698278253E-6   
  14864.000244140625  2.864728332971749E-6    
  14874.000244140627  2.6498566151667034E-6   
  14884.000244140625  2.866821391697283E-6    
  14894.000244140627  2.9503351963257347E-6   
  14904.000244140625  2.7935389613009036E-6   
  14914.000244140627  2.5465042002607897E-6   
  14924.000244140625  2.681457459001066E-6    
  14934.000244140627  2.8834889664711362E-6   
  14944.000244140625  2.865985257949543E-6    
  14954.000244140623  2.946071494294809E-6    
  14964.000244140625  2.931289266865202E-6    
  14974.000244140623  2.955128735164547E-6    
  14984.000244140625  3.018452825476171E-6    
  14994.000244140623  2.96294845118374E-6     
  15004.000244140625  3.0814782070249387E-6   
  15014.000244140623  2.9590665550234167E-6   
  15024.000244140625  2.8882912853225226E-6   
  15034.000244140623  2.7561562628453354E-6   
  15044.000244140625  2.6813440445549863E-6   
  15054.000244140623  2.850115951968699E-6    
  15064.000244140625  2.977997228402168E-6    
  15074.000244140623  2.87709984618349E-6     
  15084.000244140625  2.962877814189677E-6    
  15094.000244140623  2.9083285210941513E-6   
  15104.000244140625  2.764905046173163E-6    
  15114.000244140623  2.8408333893320613E-6   
  15124.000244140625  2.9330369137199696E-6   
  15134.000244140623  3.0683829267290165E-6   
  15144.000244140625  3.2574010337642712E-6   
  15154.000244140623  3.2011612150995327E-6   
  15164.000244140625  3.3523156648518265E-6   
  15174.000244140625  3.1563339297180738E-6   
  15184.000244140625  3.042552153407416E-6    
  15194.000244140625  3.009659652765659E-6    
  15204.000244140625  2.8684841754382625E-6   
  15214.000244140625  2.9779255722605235E-6   
  15224.000244140625  3.017114576299853E-6    
  15234.000244140625  3.3433718004520854E-6   
  15244.000244140625  3.4958214421766327E-6   
  15254.000244140625  3.3697222660989743E-6   
  15264.000244140625  3.1091597841564216E-6   
  15274.000244140625  3.229258818576189E-6    
  15284.000244140625  3.300743580473619E-6    
  15294.000244140625  3.2387230669160065E-6   
  15304.000244140625  3.185428013238954E-6    
  15314.000244140625  3.2867009515911553E-6   
  15324.000244140625  3.084184012889825E-6    
  15334.000244140625  3.1545056981778762E-6   
  15344.000244140625  3.2052431561641902E-6   
  15354.000244140625  3.0766833540469765E-6   
  15364.000244140625  2.9576074811950143E-6   
  15374.000244140625  3.1289072183955626E-6   
  15384.000244140625  3.0937845865320486E-6   
  15394.000244140625  3.2296615642409416E-6   
  15404.000244140625  3.0599356195141395E-6   
  15414.000244140625  3.0205575891508063E-6   
  15424.000244140625  3.142788394146689E-6    
  15434.000244140625  3.2566491632014253E-6   
  15444.000244140625  3.210775669337139E-6    
  15454.000244140625  2.881809466447159E-6    
  15464.000244140625  2.9375823845520818E-6   
  15474.000244140625  3.2929371808564486E-6   
  15484.000244140625  3.3550141879486616E-6   
  15494.000244140625  3.220188941693729E-6    
  15504.000244140625  3.281488692936986E-6    
  15514.000244140625  3.141507395481999E-6    
  15524.000244140625  3.364025949658632E-6    
  15534.000244140625  3.512089244697446E-6    
  15544.000244140625  3.500777803145765E-6    
  15554.000244140625  3.616557077700155E-6    
  15564.000244140625  3.6965489893378393E-6   
  15574.000244140625  3.629107908169586E-6    
  15584.000244140625  3.4701513404004403E-6   
  15594.000244140625  3.442525717158488E-6    
  15604.000244140625  3.376961129279489E-6    
  15614.000244140625  3.439914239191891E-6    
  15624.000244140625  3.5151552758730956E-6   
  15634.000244140625  3.39806549220991E-6     
  15644.000244140625  3.398085338065305E-6    
  15654.000244140625  3.6798238794137733E-6   
  15664.000244140625  3.4663558009848775E-6   
  15674.000244140625  3.4347021953954263E-6   
  15684.000244140625  3.646124608349138E-6    
  15694.000244140625  3.8079867066284972E-6   
  15704.000244140625  3.749865508349038E-6    
  15714.000244140625  3.5608513757543358E-6   
  15724.000244140625  3.507664315723416E-6    
  15734.000244140625  3.6003063880642296E-6   
  15744.000244140625  3.481241305531362E-6    
  15754.000244140625  3.5874341386164262E-6   
  15764.000244140625  3.7880827042834182E-6   
  15774.000244140625  3.72326814174139E-6     
  15784.000244140625  3.5857392622039593E-6   
  15794.000244140625  3.375812291759582E-6    
  15804.000244140625  3.717657082716535E-6    
  15814.000244140625  3.821134066507083E-6    
  15824.000244140625  3.578334551956671E-6    
  15834.000244140625  3.638659011346488E-6    
  15844.000244140625  3.692232573958591E-6    
  15854.000244140625  3.7705674891631285E-6   
  15864.000244140625  3.815908986907993E-6    
  15874.000244140625  3.6955296649514154E-6   
  15884.000244140625  3.82611852158979E-6     
  15894.000244140625  3.779156718246795E-6    
  15904.000244140625  3.518910376853093E-6    
  15914.000244140625  3.937002453070634E-6    
  15924.000244140625  3.954348517433825E-6    
  15934.000244140625  3.6391735947342174E-6   
  15944.000244140625  3.8286215149122265E-6   
  15954.000244140625  3.8821987634186474E-6   
  15964.000244140625  3.5918978263380756E-6   
  15974.000244140625  3.3254195523928316E-6   
  15984.000244140627  3.362419880850742E-6    
  15994.000244140625  3.5463418849009133E-6   
  16004.000244140627  3.957729862702054E-6    
  16014.000244140625  4.134332926202357E-6    
  16024.000244140627  4.0211078535358575E-6   
  16034.000244140625  4.13845444294021E-6     
  16044.000244140627  4.089008470599859E-6    
  16054.000244140625  4.0759724629640055E-6   
  16064.000244140627  3.738792077630586E-6    
  16074.000244140625  3.875875205133271E-6    
  16084.000244140627  4.143458709241204E-6    
  16094.000244140625  4.123508611610538E-6    
  16104.000244140627  3.841497580832935E-6    
  16114.000244140625  3.8756748736293334E-6   
  16124.000244140627  3.9885715081069665E-6   
  16134.000244140625  4.086298869399597E-6    
  16144.000244140627  3.922754926271594E-6    
  16154.000244140625  4.152333014669037E-6    
  16164.000244140627  4.1298052336144255E-6   
  16174.000244140625  4.339334843349923E-6    
  16184.000244140627  4.552190762999052E-6    
  16194.000244140625  4.533102566087593E-6    
  16204.000244140623  4.481507862800376E-6    
  16214.000244140625  4.14296351829971E-6     
  16224.000244140623  4.1576964447024845E-6   
  16234.000244140625  4.223194308773207E-6    
  16244.000244140623  4.399975029361663E-6    
  16254.000244140625  4.578603333230187E-6    
  16264.000244140623  4.766124438807496E-6    
  16274.000244140625  4.6616686341257955E-6   
  16284.000244140623  4.347615554651554E-6    
  16294.000244140625  4.290253168378041E-6    
  16304.000244140623  4.378586549376579E-6    
  16314.000244140625  4.65282110689929E-6     
  16324.000244140623  4.685636570044308E-6    
  16334.000244140625  4.596681856260603E-6    
  16344.000244140623  4.778601535130006E-6    
  16354.000244140625  4.771681595267086E-6    
  16364.000244140623  4.829973102442802E-6    
  16374.000244140625  4.993194728453315E-6    
  16384.000244140625  5.207753588621567E-6    
  16394.000244140625  5.356395056723582E-6    
  16404.000244140625  5.661671221042837E-6    
  16414.000244140625  5.928648176956051E-6    
  16424.000244140625  6.0302335065959034E-6   
  16434.000244140625  6.161717261682732E-6    
  16444.000244140625  6.183940214369786E-6    
  16454.000244140625  6.231387722781332E-6    
  16464.000244140625  6.598532659492892E-6    
  16474.000244140625  7.035428181214692E-6    
  16484.000244140625  7.2117471048104976E-6   
  16494.000244140625  7.281463621199198E-6    
  16504.000244140625  7.738440990798604E-6    
  16514.000244140625  7.77652967875714E-6     
  16524.000244140625  7.710619190717024E-6    
  16534.000244140625  7.771164103879083E-6    
  16544.000244140625  8.30697890936521E-6     
  16554.000244140625  8.949794604396582E-6    
  16564.000244140625  9.096190633313543E-6    
  16574.000244140625  9.578257747410526E-6    
  16584.000244140625  1.0138851611211824E-5   
  16594.000244140625  1.0895958254277943E-5   
  16604.000244140625  1.1251128794684181E-5   
  16614.000244140625  1.1806385526244824E-5   
  16624.000244140625  1.2738452682933714E-5   
  16634.000244140625  1.3674626283743802E-5   
  16644.000244140625  1.4813799593415629E-5   
  16654.000244140625  1.5786841088218686E-5   
  16664.000244140625  1.67255670652527E-5     
  16674.000244140625  1.751710480984612E-5    
  16684.000244140625  1.8642973312740946E-5   
  16694.000244140625  2.018425067837529E-5    
  16704.000244140625  2.1880854086310154E-5   
  16714.000244140625  2.3601299025784223E-5   
  16724.000244140625  2.5840734122267892E-5   
  16734.000244140625  2.7450048276513815E-5   
  16744.000244140625  2.9535234222969725E-5   
  16754.000244140625  3.218742985824054E-5    
  16764.000244140625  3.4865839316415874E-5   
  16774.000244140625  3.7361459390782613E-5   
  16784.000244140625  4.011119963595888E-5    
  16794.000244140625  4.3291536168119386E-5   
  16804.000244140625  4.637362483339489E-5    
  16814.000244140625  4.99740973487492E-5     
  16824.000244140625  5.420040055313847E-5    
  16834.000244140625  5.859525830040356E-5    
  16844.000244140625  6.274486854745734E-5    
  16854.000244140625  6.789719885079704E-5    
  16864.000244140625  7.37699236245944E-5     
  16874.000244140625  7.975505565454435E-5    
  16884.000244140625  8.599719089194476E-5    
  16894.000244140625  9.340275563972768E-5    
  16904.000244140625  1.0158149477133916E-4   
  16914.000244140625  1.1071162387990652E-4   
  16924.000244140625  1.2133847553651141E-4   
  16934.000244140625  1.3310855760100958E-4   
  16944.000244140625  1.4691502894190016E-4   
  16954.000244140625  1.6177347926973526E-4   
  16964.000244140625  1.7908719740551845E-4   
  16974.000244140625  1.996727104301704E-4    
  16984.000244140625  2.219622324478453E-4    
  16994.000244140625  2.482477131916333E-4    
  17004.000244140625  2.78800501776159E-4     
  17014.000244140625  3.1252565693954104E-4   
  17024.000244140625  3.520111521951307E-4    
  17034.000244140625  3.976729319754282E-4    
  17044.000244140625  4.4970102350154364E-4   
  17054.000244140625  5.083715211572461E-4    
  17064.000244140625  5.752744051466132E-4    
  17074.000244140625  6.522127094779823E-4    
  17084.000244140625  7.382380615090498E-4    
  17094.000244140625  8.362838706760536E-4    
  17104.000244140625  9.494267818246772E-4    
  17114.000244140625  0.0010743173229981339   
  17124.000244140625  0.0012143151661330371   
  17134.000244140625  0.0013755843113932827   
  17144.000244140625  0.001556174246695748    
  17154.000244140625  0.0017613008844542012   
  17164.000244140625  0.0020026850392855693   
  17174.000244140625  0.0022740289752224705   
  17184.000244140625  0.0025777745688416523   
  17194.000244140625  0.0029305108502947807   
  17204.000244140625  0.0033362659443795196   
  17214.000244140625  0.0038072101780878696   
  17224.000244140625  0.004363618109060493    
  17234.000244140625  0.0050147425724078026   
  17244.000244140625  0.005765848611063322    
  17254.000244140625  0.006649219515805647    
  17264.000244140625  0.007710385397783671    
  17274.000244140625  0.008970689197598806    
  17284.000244140625  0.010480133183352284    
  17294.000244140625  0.012312712157903962    
  17304.000244140625  0.014447309797639933    
  17314.000244140625  0.01693786370241407     
  17324.000244140625  0.01992793292919636     
  17334.000244140625  0.023269361107407904    
  17344.000244140625  0.0268251974277365      
  17354.000244140625  0.03040091079240818     
  17364.000244140625  0.03408243893843377     
  17374.000244140625  0.03776262784187212     
  17384.000244140625  0.041871157421210774    
  17394.000244140625  0.04618648424879521     
  17404.000244140625  0.05094886868617303     
  17414.000244140625  0.05649298447006614     
  17424.000244140625  0.06281980959505805     
  17434.000244140625  0.07005354673598152     
  17444.000244140625  0.07808930077322673     
  17454.000244140625  0.0875973532144381      
  17464.000244140625  0.0982998052406966      
  17474.000244140625  0.11099334054194207     
  17484.000244140625  0.12578785432984763     
  17494.000244140625  0.142366534961976       
  17504.000244140625  0.16064794554365322     
  17514.000244140625  0.1806033413796316      
  17524.000244140625  0.20113238520924354     
  17534.000244140625  0.22230098694435846     
  17544.000244140625  0.24361503413197527     
  17554.000244140625  0.264362011757897       
  17564.000244140625  0.2836021019947691      
  17574.000244140625  0.3016311984054418      
  17584.000244140625  0.31784254911417964     
  17594.000244140625  0.3323984891940652      
  17604.000244140625  0.34556305778567753     
  17614.000244140625  0.357811767309922       
  17624.000244140625  0.3691672057847597      
  17634.000244140625  0.3797838549015462      
  17644.000244140625  0.3898826837331044      
  17654.000244140625  0.39974262446406533     
  17664.000244140625  0.40939205917576804     
  17674.000244140625  0.41804008229797307     
  17684.000244140625  0.4258002707159243      
  17694.000244140625  0.4327136728901656      
  17704.000244140625  0.43909881975795234     
  17714.000244140625  0.4445489097686586      
  17724.000244140625  0.4494549210807235      
  17734.000244140625  0.45271142115412677     
  17744.000244140625  0.45514848492869475     
  17754.000244140625  0.4568168495278966      
  17764.000244140625  0.45789639688166595     
  17774.000244140625  0.45891675420035394     
  17784.000244140625  0.45902636205627423     
  17794.000244140625  0.4595047008052279      
  17804.000244140625  0.4597275166207026      
  17814.000244140625  0.4596683605248374      
  17824.000244140625  0.45962878305004273     
  17834.000244140625  0.45999213915975184     
  17844.000244140625  0.4602861846985852      
  17854.000244140625  0.46083543518917514     
  17864.000244140625  0.4610589150658282      
  17874.000244140625  0.46132259556554045     
  17884.000244140625  0.4621419873264545      
  17894.000244140625  0.4625202340145579      
  17904.000244140625  0.4629114888133746      
  17914.000244140625  0.4629961315916319      
  17924.000244140625  0.46283913946101674     
  17934.000244140625  0.46200338714011774     
  17944.000244140625  0.4612350527616632      
  17954.000244140625  0.46019929606995547     
  17964.000244140625  0.4592893640889699      
  17974.000244140625  0.4583053824252693      
  17984.000244140625  0.45697938729456705     
  17994.000244140625  0.4555403032541283      
  18004.000244140625  0.45383377401377756     
  18014.000244140625  0.452595553268162       
  18024.000244140625  0.45120689050861845     
  18034.000244140625  0.4499529027128232      
  18044.000244140625  0.4484869638108928      
  18054.000244140625  0.4475474841207141      
  18064.000244140625  0.44702944234058495     
  18074.000244140625  0.44724519256257556     
  18084.000244140625  0.4468657175388482      
  18094.000244140625  0.44631796442379834     
  18104.000244140625  0.44610016408859676     
  18114.000244140625  0.4460604684174845      
  18124.000244140625  0.44708081874371786     
  18134.000244140625  0.4478008346510142      
  18144.000244140625  0.44863147287746064     
  18154.000244140625  0.4492330890265592      
  18164.000244140625  0.45057120769352965     
  18174.000244140625  0.4515201641671962      
  18184.000244140625  0.4526616814976786      
  18194.000244140625  0.4536455737854151      
  18204.000244140625  0.45433341780874636     
  18214.000244140625  0.4556841704754359      
  18224.000244140625  0.4574558882596217      
  18234.000244140625  0.4581079473586539      
  18244.000244140625  0.45897362342473763     
  18254.000244140625  0.45998555993604295     
  18264.000244140625  0.46098724719486445     
  18274.000244140625  0.4619625067437527      
  18284.000244140625  0.46247931249513136     
  18294.000244140625  0.4630586405319601      
  18304.000244140625  0.46405821890452026     
  18314.000244140625  0.46476003853308734     
  18324.000244140625  0.46538937218482107     
  18334.000244140625  0.46593683254770785     
  18344.000244140625  0.4661540884464729      
  18354.000244140625  0.4660515708100157      
  18364.000244140625  0.46665514041662953     
  18374.000244140625  0.46699912035436997     
  18384.000244140625  0.4671084562843607      
  18394.000244140625  0.46703916116337924     
  18404.000244140625  0.46742750229240904     
  18414.000244140625  0.46703158313006465     
  18424.000244140625  0.4669075555842746      
  18434.000244140625  0.46690176304050557     
  18444.000244140625  0.4663805247384288      
  18454.000244140625  0.4660928627322225      
  18464.000244140625  0.46541461400039275     
  18474.000244140625  0.4646108161829683      
  18484.000244140625  0.46413986621917563     
  18494.000244140625  0.46381725726071593     
  18504.000244140625  0.46333721941653483     
  18514.000244140625  0.4624426643526443      
  18524.000244140625  0.4619019511685941      
  18534.000244140625  0.4613235127248908      
  18544.000244140625  0.460724489080379       
  18554.000244140625  0.4603085544467612      
  18564.000244140625  0.4597620552434908      
  18574.000244140625  0.45980504334900396     
  18584.000244140625  0.4594264515374835      
  18594.000244140625  0.458629660954036       
  18604.000244140625  0.45824959074076044     
  18614.000244140625  0.4575897350580667      
  18624.000244140625  0.4569381205369948      
  18634.000244140625  0.4566825197002258      
  18644.000244140625  0.45662294514679513     
  18654.000244140625  0.4564512647143363      
  18664.000244140625  0.4564404485214959      
  18674.000244140625  0.4563806420377934      
  18684.000244140625  0.4568074336224456      
  18694.000244140625  0.45715190421772867     
  18704.000244140625  0.4577342080758804      
  18714.000244140625  0.4585493103974081      
  18724.000244140625  0.45908372140949966     
  18734.000244140625  0.46022829919906866     
  18744.000244140625  0.4613043154883564      
  18754.000244140625  0.4618528853857388      
  18764.000244140625  0.46228449922330994     
  18774.000244140625  0.4624014544653501      
  18784.000244140625  0.46297625881714155     
  18794.000244140625  0.4634527457586721      
  18804.000244140625  0.46412429839756797     
  18814.000244140625  0.46495105588200475     
  18824.000244140625  0.4655765203243698      
  18834.000244140625  0.4666410952850946      
  18844.000244140625  0.46733344463160414     
  18854.000244140625  0.46763535327932726     
  18864.000244140625  0.4682732553744251      
  18874.000244140625  0.4689323289282249      
  18884.000244140625  0.4694125029285673      
  18894.000244140625  0.46970549798154226     
  18904.000244140625  0.46975894767322035     
  18914.000244140625  0.46992003028946494     
  18924.000244140625  0.4702578983057276      
  18934.000244140625  0.4704988122878554      
  18944.000244140625  0.47097867462278553     
  18954.000244140625  0.47157689555192694     
  18964.000244140625  0.4718492221487326      
  18974.000244140625  0.4720365688763864      
  18984.000244140625  0.4718939187324237      
  18994.000244140625  0.4723299904040963      
  19004.000244140625  0.4723595415587932      
  19014.000244140625  0.47245680447866745     
  19024.000244140625  0.47278034803678604     
  19034.000244140625  0.47367906975774443     
  19044.000244140625  0.4737223946884862      
  19054.000244140625  0.47399934725133935     
  19064.000244140625  0.474497679818815       
  19074.000244140625  0.47551509586828916     
  19084.000244140625  0.47612885848230285     
  19094.000244140625  0.47590941435036327     
  19104.000244140625  0.4758442732170791      
  19114.000244140625  0.4763519216257238      
  19124.000244140625  0.47729335361033887     
  19134.000244140625  0.47740539811885196     
  19144.000244140625  0.47745929346810345     
  19154.000244140625  0.4772606917175335      
  19164.000244140625  0.47687081148555754     
  19174.000244140625  0.4771346816141996      
  19184.000244140625  0.4769106560657147      
  19194.000244140625  0.4770020448542036      
  19204.000244140625  0.4764423262593755      
  19214.000244140625  0.47611809535683347     
  19224.000244140625  0.4760050588087365      
  19234.000244140625  0.4756163054723508      
  19244.000244140625  0.4754232063006991      
  19254.000244140625  0.4745435759038904      
  19264.000244140625  0.47424318373460583     
  19274.000244140625  0.47444347305706946     
  19284.000244140625  0.47448994093461105     
  19294.000244140625  0.47398973252477083     
  19304.000244140625  0.47364296869421607     
  19314.000244140625  0.4729190600311994      
  19324.000244140625  0.4726699223074301      
  19334.000244140625  0.4722151155513018      
  19344.000244140625  0.4716755471767924      
  19354.000244140625  0.47115839780412105     
  19364.000244140625  0.47086965380401224     
  19374.000244140625  0.47023179479636834     
  19384.000244140625  0.46995275388102387     
  19394.000244140625  0.4697211660875834      
  19404.000244140625  0.46998443029885617     
  19414.000244140625  0.4702916692786492      
  19424.000244140625  0.4705622115604079      
  19434.000244140625  0.47095608883989815     
  19444.000244140625  0.4712686549729682      
  19454.000244140625  0.47201051918409126     
  19464.000244140625  0.4725273075167555      
  19474.000244140625  0.4730248538387266      
  19484.000244140625  0.47341572361950657     
  19494.000244140625  0.4733323942164831      
  19504.000244140625  0.4736001300995376      
  19514.000244140625  0.4738854258422218      
  19524.000244140625  0.4742207865737429      
  19534.000244140625  0.47442083671963503     
  19544.000244140625  0.4744782853942333      
  19554.000244140625  0.47467168715588653     
  19564.000244140625  0.4746984293393767      
  19574.000244140625  0.4745918287696642      
  19584.000244140625  0.47364966654818397     
  19594.000244140625  0.47171707449484773     
  19604.000244140625  0.47104578318699797     
  19614.000244140625  0.47206938214194216     
  19624.000244140625  0.47433182762580883     
  19634.000244140625  0.47539551492311116     
  19644.000244140625  0.47616049686754436     
  19654.000244140625  0.47624921189697467     
  19664.000244140625  0.4761049214446067      
  19674.000244140625  0.4758862694335241      
  19684.000244140625  0.4764007831502123      
  19694.000244140625  0.47689587650475984     
  19704.000244140625  0.47627265215125425     
  19714.000244140625  0.4759770379411582      
  19724.000244140625  0.47611721356726405     
  19734.000244140625  0.47565535966311356     
  19744.000244140625  0.4751204822701296      
  19754.000244140625  0.4750848078081326      
  19764.000244140625  0.4752703977152739      
  19774.000244140625  0.4754241794381539      
  19784.000244140625  0.47538896139277365     
  19794.000244140625  0.4754011148559938      
  19804.000244140625  0.4759627673207059      
  19814.000244140625  0.4766779830609137      
  19824.000244140625  0.4765851842459318      
  19834.000244140625  0.4763617324837131      
  19844.000244140625  0.4767523898471026      
  19854.000244140625  0.4768407863788537      
  19864.000244140625  0.4768383527154344      
  19874.000244140625  0.47721085114681483     
  19884.000244140625  0.4776862042862303      
  19894.000244140625  0.4780816337495743      
  19904.000244140625  0.4781686519825538      
  19914.000244140625  0.478498041569841       
  19924.000244140625  0.4787120711546371      
  19934.000244140625  0.4791928670228641      
  19944.000244140625  0.4787495730590783      
  19954.000244140625  0.4779870656965577      
  19964.000244140625  0.4767174294227019      
  19974.000244140625  0.4767758913578523      
  19984.000244140625  0.4775134861751867      
  19994.000244140625  0.47820374118712083     
  20004.00024414062   0.4788400973339164      
  20014.000244140625  0.4790125210666334      
  20024.000244140625  0.4791736948003793      
  20034.000244140625  0.47979530336390563     
  20044.00024414062   0.47984388547752055     
  20054.000244140625  0.4793774370904847      
  20064.000244140625  0.478841436931586       
  20074.000244140625  0.47855393909062793     
  20084.00024414062   0.4781063680485528      
  20094.000244140625  0.47843979164701744     
  20104.000244140625  0.47857721815223875     
  20114.000244140625  0.47818846392545167     
  20124.00024414062   0.47818558520835114     
  20134.000244140625  0.47827439096368196     
  20144.000244140625  0.4785971579142506      
  20154.000244140625  0.479064791496984       
  20164.00024414062   0.47966356835403035     
  20174.000244140625  0.48007813763732365     
  20184.000244140625  0.4804897355007648      
  20194.000244140625  0.48012668750708076     
  20204.00024414062   0.48050091745631063     
  20214.000244140625  0.48013225390468073     
  20224.000244140625  0.4809317679867861      
  20234.000244140625  0.48211799154494317     
  20244.00024414062   0.4832407658367916      
  20254.000244140625  0.48433649778714916     
  20264.000244140625  0.48505697658695157     
  20274.000244140625  0.4852688789479297      
  20284.00024414062   0.48559251131633513     
  20294.000244140625  0.4861024271678756      
  20304.000244140625  0.48648109954480145     
  20314.000244140625  0.4865834921498081      
  20324.00024414062   0.4869150017229101      
  20334.000244140625  0.48723105032473785     
  20344.000244140625  0.4870808637299032      
  20354.000244140625  0.48688418789959625     
  20364.00024414062   0.4868020740301426      
  20374.000244140625  0.4871600404623365      
  20384.000244140625  0.48737281987105663     
  20394.000244140625  0.4878133388038828      
  20404.000244140625  0.48761917146275036     
  20414.000244140625  0.4865808970727094      
  20424.000244140625  0.48608722543484506     
  20434.000244140625  0.48493783189613004     
  20444.000244140625  0.4839094081790827      
  20454.000244140625  0.4831252189891324      
  20464.000244140625  0.48247648186597936     
  20474.000244140625  0.48195591977790153     
  20483.999023437496  0.4811107714217352      
  20493.9990234375    0.4806288956522924      
  20503.9990234375    0.48029624931329723     
  20513.9990234375    0.48024554231715544     
  20523.999023437496  0.480247005136066       
  20533.9990234375    0.47986684940395335     
  20543.9990234375    0.47965321074286726     
  20553.9990234375    0.4796786331963393      
  20563.999023437496  0.47949270340808875     
  20573.9990234375    0.47915349811254476     
  20583.9990234375    0.47903117793481553     
  20593.9990234375    0.4791800202230994      
  20603.999023437496  0.4799819518213815      
  20613.9990234375    0.48087951256941486     
  20623.9990234375    0.4812482580549563      
  20633.9990234375    0.48182559739901587     
  20643.999023437496  0.4826666729052477      
  20653.9990234375    0.4831412651540264      
  20663.9990234375    0.4838288359513101      
  20673.9990234375    0.48475347803088215     
  20683.9990234375    0.48585835686236245     
  20693.9990234375    0.48641593256811905     
  20703.9990234375    0.4872720169567984      
  20713.9990234375    0.48863963367830004     
  20723.9990234375    0.48954906800533143     
  20733.9990234375    0.49037167976176        
  20743.9990234375    0.4911385505747164      
  20753.9990234375    0.4917425880653883      
  20763.9990234375    0.491905877497153       
  20773.9990234375    0.49195724404873337     
  20783.9990234375    0.4917842611676497      
  20793.9990234375    0.4922280588524577      
  20803.9990234375    0.4926789150889014      
  20813.9990234375    0.4927664315014679      
  20823.9990234375    0.4929246754897464      
  20833.9990234375    0.49306458044357704     
  20843.9990234375    0.49360733734607        
  20853.9990234375    0.4935395519452954      
  20863.9990234375    0.4931299635404682      
  20873.9990234375    0.4923363603484828      
  20883.9990234375    0.4919091141134574      
  20893.9990234375    0.4912408531795387      
  20903.9990234375    0.4910824006151523      
  20913.9990234375    0.4901606270656625      
  20923.9990234375    0.4891267622961404      
  20933.9990234375    0.48911968379367865     
  20943.9990234375    0.48958836212904977     
  20953.9990234375    0.48957539189579263     
  20963.9990234375    0.4892145604465229      
  20973.9990234375    0.4882366891074975      
  20983.9990234375    0.48754702834188407     
  20993.9990234375    0.4871455379192129      
  21003.9990234375    0.48671990313500446     
  21013.9990234375    0.48652500686550826     
  21023.9990234375    0.4856890739253892      
  21033.9990234375    0.4853437498660358      
  21043.9990234375    0.48564518133126033     
  21053.999023437504  0.48574447145933597     
  21063.9990234375    0.48494545944874595     
  21073.9990234375    0.48423968679510604     
  21083.9990234375    0.4843357082128381      
  21093.999023437504  0.48361472451317933     
  21103.9990234375    0.48334224382475943     
  21113.9990234375    0.4826680238265828      
  21123.9990234375    0.4829298772539452      
  21133.999023437504  0.4822707902594351      
  21143.9990234375    0.4819471073329259      
  21153.9990234375    0.4812548700932129      
  21163.9990234375    0.48132888364449433     
  21173.999023437504  0.4816984987686185      
  21183.9990234375    0.481786281065077       
  21193.9990234375    0.48141436266537424     
  21203.9990234375    0.4809170621973815      
  21213.999023437504  0.4811818746964148      
  21223.9990234375    0.48131711420181883     
  21233.9990234375    0.4811071722153465      
  21243.9990234375    0.4808669506369192      
  21253.999023437504  0.48058817325059283     
  21263.9990234375    0.480826785416349       
  21273.9990234375    0.48106619438917936     
  21283.9990234375    0.48037533560379464     
  21293.999023437504  0.4804517175086406      
  21303.9990234375    0.4805165342398347      
  21313.9990234375    0.48066644248758683     
  21323.9990234375    0.4810002346605975      
  21333.999023437504  0.48128805209497283     
  21343.9990234375    0.48172163419552194     
  21353.9990234375    0.48183496144058524     
  21363.9990234375    0.48156178543386396     
  21373.999023437504  0.4821125243450371      
  21383.9990234375    0.48233916519033515     
  21393.9990234375    0.4833188269165364      
  21403.9990234375    0.4841800897971515      
  21413.999023437504  0.4843759542505023      
  21423.9990234375    0.48470546845426155     
  21433.9990234375    0.48503453392583906     
  21443.9990234375    0.48590825050286346     
  21453.999023437504  0.48687428265893096     
  21463.9990234375    0.4869260589214184      
  21473.9990234375    0.48674382485332557     
  21483.9990234375    0.4876207166946136      
  21493.999023437496  0.4886166354564123      
  21503.9990234375    0.48883022860168623     
  21513.9990234375    0.48838304060887944     
  21523.9990234375    0.48836241853787427     
  21533.999023437496  0.4883266144460982      
  21543.9990234375    0.4880172434323932      
  21553.9990234375    0.4872809570735942      
  21563.9990234375    0.48714705567248856     
  21573.999023437496  0.48724315341331537     
  21583.9990234375    0.48673962238722923     
  21593.9990234375    0.4861360263339341      
  21603.9990234375    0.4852756677210117      
  21613.999023437496  0.4848001588697795      
  21623.9990234375    0.48350433042261143     
  21633.9990234375    0.4828564521355436      
  21643.9990234375    0.48245335215404583     
  21653.999023437496  0.4816890445042479      
  21663.9990234375    0.4809553105990436      
  21673.9990234375    0.4799148789692882      
  21683.9990234375    0.47920129881614015     
  21693.999023437496  0.47825364269157455     
  21703.9990234375    0.47747447058009557     
  21713.9990234375    0.476525911619691       
  21723.9990234375    0.47624857253299613     
  21733.999023437496  0.47567626110209693     
  21743.9990234375    0.4755053918040272      
  21753.9990234375    0.47482583557867664     
  21763.9990234375    0.47480488992509867     
  21773.999023437496  0.47500618730419936     
  21783.9990234375    0.4754185513946054      
  21793.9990234375    0.47486179351097874     
  21803.9990234375    0.47446111920839296     
  21813.999023437496  0.4740197630220911      
  21823.9990234375    0.47403316094631526     
  21833.9990234375    0.47478641941393684     
  21843.9990234375    0.47518713081624286     
  21853.999023437496  0.4761720030864315      
  21863.9990234375    0.4766179862837101      
  21873.9990234375    0.47643324192381264     
  21883.9990234375    0.4767219802235201      
  21893.999023437496  0.477235393609721       
  21903.9990234375    0.4776691132411693      
  21913.9990234375    0.47833303380943126     
  21923.9990234375    0.4788195702645826      
  21933.9990234375    0.4792964976520326      
  21943.9990234375    0.48006945891669106     
  21953.9990234375    0.4807678410701135      
  21963.9990234375    0.481505167044066       
  21973.9990234375    0.48271725091895046     
  21983.9990234375    0.4837945036640974      
  21993.9990234375    0.4844285028499905      
  22003.9990234375    0.4848877913606973      
  22013.9990234375    0.4851542823042707      
  22023.9990234375    0.48600881094048665     
  22033.9990234375    0.48622263923840137     
  22043.9990234375    0.4863104629941323      
  22053.9990234375    0.48583818592968064     
  22063.9990234375    0.4849271860495099      
  22073.9990234375    0.4839348254618584      
  22083.9990234375    0.48238080347099055     
  22093.9990234375    0.480183793826472       
  22103.9990234375    0.4771946807037813      
  22113.9990234375    0.47265683094795075     
  22123.9990234375    0.467476398581988       
  22133.9990234375    0.46053117556957424     
  22143.9990234375    0.4518434752277565      
  22153.9990234375    0.4419251278124083      
  22163.9990234375    0.43016590509693786     
  22173.9990234375    0.4163907488782293      
  22183.9990234375    0.40127475773641363     
  22193.9990234375    0.38463627639061876     
  22203.9990234375    0.3666080080774734      
  22213.9990234375    0.3472865704703012      
  22223.9990234375    0.32717266559394        
  22233.9990234375    0.30630872470165393     
  22243.9990234375    0.2849966678353572      
  22253.9990234375    0.26392554502305043     
  22263.9990234375    0.24354513475045825     
  22273.9990234375    0.2243147100020138      
  22283.9990234375    0.20606341083787266     
  22293.9990234375    0.1890466489632855      
  22303.999023437504  0.1734595812638437      
  22313.9990234375    0.15915442891164336     
  22323.9990234375    0.1457331934654504      
  22333.9990234375    0.13308403609727584     
  22343.999023437504  0.12109760600160771     
  22353.9990234375    0.10957511725029367     
  22363.9990234375    0.098933427226534       
  22373.9990234375    0.08894406068395755     
  22383.999023437504  0.0794733403674373      
  22393.9990234375    0.07082496362882895     
  22403.9990234375    0.06287948032384981     
  22413.9990234375    0.05550559051592803     
  22423.999023437504  0.04890843047473342     
  22433.9990234375    0.04308480917253443     
  22443.9990234375    0.03778429980502135     
  22453.9990234375    0.03304208334102206     
  22463.999023437504  0.02885323328314559     
  22473.9990234375    0.025142630642164723    
  22483.9990234375    0.021883809427119847    
  22493.9990234375    0.019097369292062648    
  22503.999023437504  0.016683093418288088    
  22513.9990234375    0.014547314888154585    
  22523.9990234375    0.01268771008115763     
  22533.9990234375    0.011064464299238512    
  22543.999023437504  0.009630967263505373    
  22553.9990234375    0.008404255093585248    
  22563.9990234375    0.00734538633140958     
  22573.9990234375    0.006422761912323238    
  22583.999023437504  0.005613793771089597    
  22593.9990234375    0.004909829313874478    
  22603.9990234375    0.004282983694044222    
  22613.9990234375    0.003749287504853798    
  22623.999023437504  0.003293532464627552    
  22633.9990234375    0.00289601770494214     
  22643.9990234375    0.002547444679587464    
  22653.9990234375    0.0022465128966202546   
  22663.999023437504  0.001979067251872599    
  22673.9990234375    0.0017494724292589849   
  22683.9990234375    0.0015511245631661618   
  22693.9990234375    0.0013788515945700082   
  22703.999023437504  0.0012296537747442673   
  22713.9990234375    0.001100743459659296    
  22723.9990234375    9.837906291249655E-4    
  22733.9990234375    8.83069919208579E-4     
  22743.999023437496  7.94371005746933E-4     
  22753.9990234375    7.180392315209046E-4    
  22763.9990234375    6.474223160735736E-4    
  22773.9990234375    5.885502865954264E-4    
  22783.999023437496  5.355062676764765E-4    
  22793.9990234375    4.8606885348017296E-4   
  22803.9990234375    4.4255979168733584E-4   
  22813.9990234375    4.058259782991269E-4    
  22823.999023437496  3.721587880542185E-4    
  22833.9990234375    3.420397039594651E-4    
  22843.9990234375    3.134939656650187E-4    
  22853.9990234375    2.896340735342207E-4    
  22863.999023437496  2.6557170626243887E-4   
  22873.9990234375    2.446689197435966E-4    
  22883.9990234375    2.2644833242935582E-4   
  22893.9990234375    2.0934607071616124E-4   
  22903.999023437496  1.9251113226402376E-4   
  22913.9990234375    1.7772591219304386E-4   
  22923.9990234375    1.6493394779719238E-4   
  22933.9990234375    1.5161403416909025E-4   
  22943.999023437496  1.4115485737878407E-4   
  22953.9990234375    1.312508409999894E-4    
  22963.9990234375    1.2214732248106645E-4   
  22973.9990234375    1.1373504667022723E-4   
  22983.999023437496  1.0643869258037365E-4   
  22993.9990234375    9.869223496171371E-5    
  23003.9990234375    9.183491983546173E-5    
  23013.9990234375    8.564423022601074E-5    
  23023.999023437496  8.013909854689624E-5    
  23033.9990234375    7.382281675668905E-5    
  23043.9990234375    6.857109442532833E-5    
  23053.9990234375    6.428826941393663E-5    
  23063.999023437496  6.027691539043071E-5    
  23073.9990234375    5.629721255117578E-5    
  23083.9990234375    5.2733195046246215E-5   
  23093.9990234375    4.9246481951153684E-5   
  23103.999023437496  4.668457640504941E-5    
  23113.9990234375    4.424793996273441E-5    
  23123.9990234375    4.017485982865977E-5    
  23133.9990234375    3.695733213249583E-5    
  23143.999023437496  3.4633744698955725E-5   
  23153.9990234375    3.281383053021727E-5    
  23163.9990234375    3.08249356647811E-5     
  23173.9990234375    2.8980337481883517E-5   
  23183.9990234375    2.652293204938391E-5    
  23193.9990234375    2.486082781534331E-5    
  23203.9990234375    2.3443670496576625E-5   
  23213.9990234375    2.240610688259745E-5    
  23223.9990234375    2.13554969562198E-5     
  23233.9990234375    1.974898960195026E-5    
  23243.9990234375    1.7799700691082186E-5   
  23253.9990234375    1.655013628378121E-5    
  23263.9990234375    1.524834581680329E-5    
  23273.9990234375    1.4195356233183286E-5   
  23283.9990234375    1.2905615952331977E-5   
  23293.9990234375    1.2422802514529452E-5   
  23303.9990234375    1.1464055544682857E-5   
  23313.9990234375    1.0554829299705502E-5   
  23323.9990234375    9.621943372931447E-6    
  23333.9990234375    8.80655606822248E-6     
  23343.9990234375    8.169944329864889E-6    
  23353.9990234375    7.642434985064653E-6    
  23363.9990234375    7.167405365955591E-6    
  23373.9990234375    6.768402738054491E-6    
  23383.9990234375    6.310564399922556E-6    
  23393.9990234375    5.700028790237745E-6    
  23403.9990234375    5.266312533240968E-6    
  23413.9990234375    5.027855627981618E-6    
  23423.9990234375    5.010370246695316E-6    
  23433.9990234375    4.83319984008342E-6     
  23443.9990234375    4.629759767454816E-6    
  23453.9990234375    4.4999400141250386E-6   
  23463.9990234375    4.481762768689201E-6    
  23473.9990234375    4.183443336354597E-6    
  23483.9990234375    3.970740041171927E-6    
  23493.9990234375    4.138741387062853E-6    
  23503.9990234375    4.1556285450939726E-6   
  23513.9990234375    3.966972292723774E-6    
  23523.9990234375    3.784550904932551E-6    
  23533.9990234375    3.5657124868633233E-6   
  23543.9990234375    3.4133820106833057E-6   
  23553.999023437504  3.2852090762585668E-6   
  23563.9990234375    3.278749354151564E-6    
  23573.9990234375    3.1547020982472238E-6   
  23583.9990234375    2.943744846897132E-6    
  23593.999023437504  2.879075801770411E-6    
  23603.9990234375    2.705084931627711E-6    
  23613.9990234375    2.538295812294284E-6    
  23623.9990234375    2.345701666848478E-6    
  23633.999023437504  2.2187246953555424E-6   
  23643.9990234375    2.1759212820850706E-6   
  23653.9990234375    1.9129613953244127E-6   
  23663.9990234375    1.6814014597525257E-6   
  23673.999023437504  1.578562568248711E-6    
  23683.9990234375    1.287196945321269E-6    
  23693.9990234375    1.0460125848385045E-6   
  23703.9990234375    8.763306249672684E-7    
  23713.999023437504  7.698570630064755E-7    
  23723.9990234375    6.883416236921422E-7    
  23733.9990234375    5.802741521229361E-7    
  23743.9990234375    5.082265353289207E-7    
  23753.999023437504  4.967651438278061E-7    
  23763.9990234375    4.459087596523237E-7    
  23773.9990234375    4.1020868415566275E-7   
  23783.9990234375    3.8826715629572676E-7   
  23793.999023437504  4.0149867482627116E-7   
  23803.9990234375    3.547673403436712E-7    
  23813.9990234375    3.142998675571135E-7    
  23823.9990234375    2.675523376593504E-7    
  23833.999023437504  2.4579861013489733E-7   
  23843.9990234375    2.2593967528069887E-7   
  23853.9990234375    2.2832971162130332E-7   
  23863.9990234375    2.1652518295637525E-7   
  23873.999023437504  2.0504279877931867E-7   
  23883.9990234375    1.8604301780671966E-7   
  23893.9990234375    1.7044982180127271E-7   
  23903.9990234375    1.5329333733392021E-7   
  23913.999023437504  1.400683736926539E-7    
  23923.9990234375    1.3211293080634093E-7   
  23933.9990234375    1.2373093781168152E-7   
  23943.9990234375    1.2332833019887413E-7   
  23953.999023437504  1.1054925127446703E-7   
  23963.9990234375    9.781322607284723E-8    
  23973.9990234375    8.387238660009724E-8    
  23983.9990234375    7.59089316473063E-8     
  23993.999023437496  6.955876305319525E-8    
  24003.9990234375    6.166960344135168E-8    
  24013.9990234375    5.784944471966536E-8    
  24023.9990234375    5.5008669225498193E-8   
  24033.999023437496  4.6959246369685944E-8   
  24043.9990234375    3.975346016722969E-8    
  24053.9990234375    3.330516981015499E-8    
  24063.9990234375    2.9998698907546065E-8   
  24073.999023437496  2.8006774792636063E-8   
  24083.9990234375    2.449626050692966E-8    
  24093.9990234375    2.172293792594086E-8    
  24103.9990234375    2.1676711190849222E-8   
  24113.999023437496  1.759188168331422E-8    
  24123.9990234375    1.3818105824561594E-8   
  24133.9990234375    1.2094734043557769E-8   
  24143.9990234375    1.0384537434836506E-8   
  24153.999023437496  9.616508427559039E-9    
  24163.9990234375    8.482425991966577E-9    
  24173.9990234375    6.7738453220811765E-9   
  24183.9990234375    6.1147210136039936E-9   
  24193.999023437496  5.661208703854783E-9    
  24203.9990234375    5.029487725232764E-9    
  24213.9990234375    4.325906433470884E-9    
  24223.9990234375    4.0510602179776055E-9   
  24233.999023437496  3.856116597654334E-9    
  24243.9990234375    3.3229691396788774E-9   
  24253.9990234375    2.774556696677021E-9    
  24263.9990234375    2.6605711399532128E-9   
  24273.999023437496  2.3023114818449842E-9   
  24283.9990234375    1.9516292657352843E-9   
  24293.9990234375    1.7588013947752905E-9   
  24303.9990234375    1.569620522074261E-9    
  24313.999023437496  1.5823079539526547E-9   
  24323.9990234375    1.4464891376108223E-9   
  24333.9990234375    1.3372489054379426E-9   
  24343.9990234375    1.2115478532265908E-9   
  24353.999023437496  1.1404395155850448E-9   
  24363.9990234375    9.739657186028806E-10   
  24373.9990234375    8.026569810229725E-10   
  24383.9990234375    7.434918604200155E-10   
  24393.999023437496  6.788671127744696E-10   
  24403.9990234375    6.357692099101011E-10   
  24413.9990234375    5.664515376530174E-10   
  24423.9990234375    4.898306478964724E-10   
  24433.9990234375    4.3787237746249827E-10  
  24443.9990234375    3.94709359997239E-10    
  24453.9990234375    3.58391055054219E-10    
  24463.9990234375    3.1497631592199506E-10  
  24473.9990234375    2.7813530241020365E-10  
  24483.9990234375    2.5724887259300923E-10  
  24493.9990234375    2.289794633904121E-10   
  24503.9990234375    2.1603666891744817E-10  
  24513.9990234375    1.9756099512768228E-10  
  24523.9990234375    1.5175527304159264E-10  
  24533.9990234375    1.6422909115295723E-10  
  24543.9990234375    1.6554381762846384E-10  
  24553.9990234375    1.345714481246612E-10   
  24563.9990234375    1.2219388957874083E-10  
  24573.9990234375    1.1821333378940253E-10  
  24583.9990234375    1.028544345888857E-10   
  24593.9990234375    8.425613100485535E-11   
  24603.9990234375    7.970804807816466E-11   
  24613.9990234375    7.711200130303947E-11   
  24623.9990234375    7.004215347387953E-11   
  24633.9990234375    6.932023026005622E-11   
  24643.9990234375    5.570542963351813E-11   
  24653.9990234375    4.866040566685953E-11   
  24663.9990234375    4.4546610145980626E-11  
  24673.9990234375    4.12577521954219E-11    
  24683.9990234375    3.669040719756136E-11   
  24693.9990234375    3.4032966362587504E-11  
  24703.9990234375    2.8546467709132676E-11  
  24713.9990234375    2.677765558229084E-11   
  24723.9990234375    2.560672624112716E-11   
  24733.9990234375    2.4299326413044136E-11  
  24743.9990234375    2.0287139012136592E-11  
  24753.9990234375    1.806044315725741E-11   
  24763.9990234375    1.5987286065247695E-11  
  24773.9990234375    1.4003615545822232E-11  
  24783.9990234375    1.2270030436780326E-11  
  24793.9990234375    1.1342827761890394E-11  
  24803.999023437504  1.0794581114041632E-11  
  24813.9990234375    9.90719642075731E-12    
  24823.9990234375    8.710396416160343E-12   
  24833.9990234375    7.0646013257210555E-12  
  24843.999023437504  6.257692331539825E-12   
  24853.9990234375    5.514449425289726E-12   
  24863.9990234375    4.994698617478094E-12   
  24873.9990234375    4.96689889190417E-12    
  24883.999023437504  4.5764375879884656E-12  
  24893.9990234375    4.413064217870653E-12   
  24903.9990234375    4.23911157601527E-12    
  24913.9990234375    3.722326339920675E-12   
  24923.999023437504  3.4719492101006204E-12  
  24933.9990234375    3.143881908212191E-12   
  24943.9990234375    2.7358588795096164E-12  
  24953.9990234375    2.4685827130504244E-12  
  24963.999023437504  2.1376106277217374E-12  
  24973.9990234375    2.108168502012615E-12   
  24983.9990234375    1.8788735174000035E-12  
  24993.9990234375    1.7628500594046214E-12  
  25003.999023437504  1.490583087979645E-12   
  25013.9990234375    1.2528032160056943E-12  
  25023.9990234375    1.3168127821914252E-12  
  25033.9990234375    1.256568105965718E-12   
  25043.999023437504  1.1026112579812666E-12  
  25053.9990234375    1.0460104155988804E-12  
  25063.9990234375    1.005373136064245E-12   
  25073.9990234375    8.643338390458004E-13   
  25083.999023437504  7.93261743608687E-13    
  25093.9990234375    7.737724440678747E-13   
  25103.9990234375    7.535137884972923E-13   
  25113.9990234375    7.278545457741982E-13   
  25123.999023437504  6.474509504026267E-13   
  25133.9990234375    5.298247378008226E-13   
  25143.9990234375    5.006754904507429E-13   
  25153.9990234375    4.877967814036378E-13   
  25163.999023437504  4.490621390723393E-13   
  25173.9990234375    4.255820684988528E-13   
  25183.9990234375    3.578999267749566E-13   
  25193.9990234375    3.2774340476436304E-13  
  25203.999023437504  3.24932632992799E-13    
  25213.9990234375    3.121328555091019E-13   
  25223.9990234375    2.6310628743506254E-13  
  25233.9990234375    2.3435230876335247E-13  
  25243.999023437496  2.545721645066069E-13   
  25253.9990234375    2.348001590546724E-13   
  25263.9990234375    2.085062215869563E-13   
  25273.9990234375    1.8611750762015904E-13  
  25283.999023437496  1.9204366915322905E-13  
  25293.9990234375    1.751873184260662E-13   
  25303.9990234375    1.5016825278454834E-13  
  25313.9990234375    1.4041547733301767E-13  
  25323.999023437496  1.3951871307506981E-13  
  25333.9990234375    1.3082921412987646E-13  
  25343.9990234375    1.1956336599640545E-13  
  25353.9990234375    1.0398859595321301E-13  
  25363.999023437496  1.0118049824550171E-13  
  25373.9990234375    9.396853274037523E-14   
  25383.9990234375    8.616774375405674E-14   
  25393.9990234375    8.531853674017347E-14   
  25403.999023437496  7.817864896511094E-14   
  25413.9990234375    6.683857326034099E-14   
  25423.9990234375    6.16665990975127E-14    
  25433.9990234375    5.773771881290815E-14   
  25443.999023437496  5.479164312269067E-14   
  25453.9990234375    5.226052261539942E-14   
  25463.9990234375    5.331648246095106E-14   
  25473.9990234375    4.485559471827834E-14   
  25483.999023437496  3.838806749668125E-14   
  25493.9990234375    3.550088037746358E-14   
  25503.9990234375    3.1777666251334E-14     
  25513.9990234375    3.025249311829622E-14   
  25523.999023437496  2.9336827644190664E-14  
  25533.9990234375    2.799653053468165E-14   
  25543.9990234375    2.5552769153439264E-14  
  25553.9990234375    2.1216073127953283E-14  
  25563.999023437496  1.9982950886004487E-14  
  25573.9990234375    2.0987179628058473E-14  
  25583.9990234375    1.8108115367723573E-14  
  25593.9990234375    1.5781749837591876E-14  
  25603.999023437496  1.5345567825288014E-14  
  25613.9990234375    1.432533456443659E-14   
  25623.9990234375    1.1785492348041762E-14  
  25633.9990234375    1.105078677553751E-14   
  25643.999023437496  1.0747934148295711E-14  
  25653.9990234375    1.004602979990842E-14   
  25663.9990234375    9.64134238926055E-15    
  25673.9990234375    7.672339712064333E-15   
  25683.9990234375    6.630509315489685E-15   
  25693.9990234375    6.3909216727223675E-15  
  25703.9990234375    6.217325035244866E-15   
  25713.9990234375    5.345912151246826E-15   
  25723.9990234375    4.449964283361123E-15   
  25733.9990234375    4.4681255591336385E-15  
  25743.9990234375    4.432962954187003E-15   
  25753.9990234375    3.85523514302202E-15    
  25763.9990234375    3.477343549735558E-15   
  25773.9990234375    3.4352515183428684E-15  
  25783.9990234375    2.723421642027703E-15   
  25793.9990234375    2.3174888566048384E-15  
  25803.9990234375    2.096415090508063E-15   
  25813.9990234375    2.00812693348456E-15    
  25823.9990234375    1.888588339927136E-15   
  25833.9990234375    1.7595824512266133E-15  
  25843.9990234375    1.5972622828860526E-15  
  25853.9990234375    1.3813567887546843E-15  
  25863.9990234375    1.3084788872203586E-15  
  25873.9990234375    1.0939642046250873E-15  
  25883.9990234375    9.133730545406715E-16   
  25893.9990234375    8.573623766712262E-16   
  25903.9990234375    8.870087582071563E-16   
  25913.9990234375    7.821230626395807E-16   
  25923.9990234375    5.898868826405287E-16   
  25933.9990234375    5.5496671070463E-16     
  25943.9990234375    5.413281721915458E-16   
  25953.9990234375    5.125802599238493E-16   
  25963.9990234375    5.011770815687159E-16   
  25973.9990234375    4.860883124914253E-16   
