# microns              throughput
  34010.49531          7.719211065188447E-6    
  34024.00763          7.967246085677824E-6    
  34037.519940000006   8.186576588717175E-6    
  34051.03225          8.302046017486672E-6    
  34064.54457          8.323113761044037E-6    
  34078.05688          8.356376655562885E-6    
  34091.5692           8.406380408297163E-6    
  34105.08151          8.305886729466417E-6    
  34118.59383          8.306883050173358E-6    
  34132.10614          8.082918552263573E-6    
  34145.618460000005   7.78617128252426E-6     
  34159.13077          7.4554774030648415E-6   
  34172.643079999994   7.1932835035180625E-6   
  34186.155399999996   7.233038430333097E-6    
  34199.66771          7.178851988619524E-6    
  34213.180029999996   7.059259201626706E-6    
  34226.69234          6.6911755169422014E-6   
  34240.20466          6.381346233128634E-6    
  34253.71697          6.315638526393498E-6    
  34267.22928          6.559976756345564E-6    
  34280.7416           6.810607575743262E-6    
  34294.25391          6.73712765599992E-6     
  34307.76623          6.528074464572995E-6    
  34321.27854          6.520199285506483E-6    
  34334.79086          6.923399536923959E-6    
  34348.30317          7.429352122582651E-6    
  34361.81549          7.568645198447877E-6    
  34375.3278           7.50159321759377E-6     
  34388.840110000005   7.5446699912497545E-6   
  34402.35243          7.58397509902033E-6     
  34415.864740000005   7.700281412956972E-6    
  34429.377060000006   7.5832477686619225E-6   
  34442.88937          7.215282806292822E-6    
  34456.40169          6.760034925594455E-6    
  34469.914            6.357187966560116E-6    
  34483.42631          5.8886559797705574E-6   
  34496.93863          5.420402819722944E-6    
  34510.45094          5.211520036188636E-6    
  34523.963260000004   5.0523805528495E-6      
  34537.47557          5.023861930495301E-6    
  34550.98789          5.20296240583767E-6     
  34564.5002           5.482114852914957E-6    
  34578.012520000004   5.829113099347884E-6    
  34591.52483          6.11120499999021E-6     
  34605.03714          6.317744278081703E-6    
  34618.54946          6.61885620683135E-6     
  34632.06177          6.788341885171463E-6    
  34645.57409          6.837707522921141E-6    
  34659.0864           6.61637646236564E-6     
  34672.59872          6.394611852696042E-6    
  34686.11103          6.24222930071441E-6     
  34699.62335          6.0884340775164596E-6   
  34713.13566          5.8444512965070585E-6   
  34726.64797          5.399184354649889E-6    
  34740.16029          5.456946008904398E-6    
  34753.6726           5.715075301761409E-6    
  34767.18492          5.9158271038302066E-6   
  34780.69723          5.906107303145582E-6    
  34794.20955          5.7608893738964485E-6   
  34807.721860000005   5.839201506344852E-6    
  34821.234169999996   6.087872076136609E-6    
  34834.746490000005   6.204646236004046E-6    
  34848.258799999996   6.212013390168444E-6    
  34861.77112          6.275026706290921E-6    
  34875.28343          6.497240630655794E-6    
  34888.79575          6.691896171789321E-6    
  34902.30806          6.799359341586968E-6    
  34915.820380000005   6.922689739672646E-6    
  34929.332689999996   7.078213238577118E-6    
  34942.845            7.1665625566959335E-6   
  34956.35732          6.658213641170005E-6    
  34969.86963          6.005698607908114E-6    
  34983.381949999995   5.500546465471335E-6    
  34996.89426          5.3203774834476684E-6   
  35010.40658          5.240181499654883E-6    
  35023.91889          5.0654718133999784E-6   
  35037.4312           4.817174626440359E-6    
  35050.94352          4.798257796953799E-6    
  35064.45583          4.9418813199932916E-6   
  35077.96815          5.3880618892492135E-6   
  35091.48046          5.793858593042977E-6    
  35104.99278          5.846113423962895E-6    
  35118.50509          5.660429008319813E-6    
  35132.01741          5.39758747920184E-6     
  35145.52972          5.104095050109991E-6    
  35159.04203          4.783895797720335E-6    
  35172.55435          4.744574477637454E-6    
  35186.066660000004   4.817436644137359E-6    
  35199.57898          4.936253281433819E-6    
  35213.091290000004   5.05095933201869E-6     
  35226.603610000006   5.407546004714592E-6    
  35240.11592          5.73404561402422E-6     
  35253.62824          5.94907624997413E-6     
  35267.14055          6.077703461557848E-6    
  35280.65286          6.2746906764794265E-6   
  35294.16518          6.288544787258608E-6    
  35307.67749          6.104507764276272E-6    
  35321.18981          6.150215620347268E-6    
  35334.70212          6.256387806780562E-6    
  35348.21444          6.294756072700339E-6    
  35361.72675          6.333823498070907E-6    
  35375.23906          6.4351375641097356E-6   
  35388.75138          6.551080363792117E-6    
  35402.26369          6.698302979391871E-6    
  35415.776009999994   6.937064083401796E-6    
  35429.28832          6.968346507878878E-6    
  35442.80064          6.887386243696417E-6    
  35456.31295          6.948619317746933E-6    
  35469.82527          7.156014588410841E-6    
  35483.33758          7.35743422113066E-6     
  35496.84989          7.548061938677136E-6    
  35510.36221          7.5850474308637895E-6   
  35523.87452          7.490379959089504E-6    
  35537.38684          7.491576298066335E-6    
  35550.89915          7.654097281607659E-6    
  35564.41147          7.883343069239831E-6    
  35577.923780000005   8.049826865275047E-6    
  35591.43609          8.16570433677515E-6     
  35604.948410000005   8.357198045138528E-6    
  35618.460719999995   8.544849949928045E-6    
  35631.97304          8.727389108698282E-6    
  35645.485349999995   8.88979885544383E-6     
  35658.99767          9.01607465073944E-6     
  35672.50998          9.265572396688433E-6    
  35686.0223           9.69255434830836E-6     
  35699.53461          1.0194125496498479E-5   
  35713.04692          1.0572995825122599E-5   
  35726.55924          1.0860211125004002E-5   
  35740.07155          1.1258816340733247E-5   
  35753.58387          1.1686521191724618E-5   
  35767.09618          1.1926468696558951E-5   
  35780.6085           1.2022726222668264E-5   
  35794.12081          1.2048047701598175E-5   
  35807.63312          1.2008421137486574E-5   
  35821.14544          1.1939139740857287E-5   
  35834.65775          1.2022191732857709E-5   
  35848.17007          1.2132649252307995E-5   
  35861.682380000006   1.2137970968073343E-5   
  35875.1947           1.2237327077194808E-5   
  35888.70701          1.2405129858433494E-5   
  35902.21932999999    1.2468882444231246E-5   
  35915.73164          1.260414072599057E-5    
  35929.24395          1.2938006197996106E-5   
  35942.75627          1.316540499018518E-5    
  35956.26858          1.3224227718039301E-5   
  35969.7809           1.3341798255356213E-5   
  35983.29321          1.3587853122373566E-5   
  35996.805530000005   1.3819205004167467E-5   
  36010.317839999996   1.398101029744642E-5    
  36023.83016          1.3921814854493789E-5   
  36037.342469999996   1.3690217931809053E-5   
  36050.85478          1.3611781838666817E-5   
  36064.3671           1.3767711868190049E-5   
  36077.87941          1.3949272731028731E-5   
  36091.39173          1.4064022387547507E-5   
  36104.90404          1.4123150774082323E-5   
  36118.41636          1.4325525247411704E-5   
  36131.92867          1.4935063489345134E-5   
  36145.44098          1.5560528876654995E-5   
  36158.9533           1.581872971264143E-5    
  36172.46561          1.598473871312377E-5    
  36185.97793          1.6185299813665802E-5   
  36199.49024          1.6398148062110716E-5   
  36213.00256          1.665507748112321E-5    
  36226.51487          1.6949151410092414E-5   
  36240.02719          1.6945174303358024E-5   
  36253.5395           1.6975799620770977E-5   
  36267.05181          1.7277634690541637E-5   
  36280.56413          1.7677016623144508E-5   
  36294.07644          1.805119108063219E-5    
  36307.58876          1.82608768600428E-5     
  36321.10107          1.831902664339521E-5    
  36334.61339          1.8401703057670277E-5   
  36348.125700000004   1.868450155878098E-5    
  36361.63801          1.9122795315290775E-5   
  36375.150330000004   1.9716274237424374E-5   
  36388.662639999995   2.0197762286261697E-5   
  36402.17496          2.0578446270839563E-5   
  36415.687269999995   2.1097176780771796E-5   
  36429.19959          2.1861968811259504E-5   
  36442.7119           2.2641921549074954E-5   
  36456.22422          2.3222914176552453E-5   
  36469.73653          2.3625154656503843E-5   
  36483.24884          2.385090871889726E-5    
  36496.76116          2.401903836685918E-5    
  36510.27347          2.43631140051421E-5     
  36523.78579          2.4704249888526998E-5   
  36537.2981           2.4754135781926495E-5   
  36550.81042          2.4670947926649548E-5   
  36564.32273          2.4677399141063528E-5   
  36577.835040000005   2.471384998613999E-5    
  36591.34736          2.496629342354064E-5    
  36604.85967          2.5414454974864286E-5   
  36618.37199          2.5825436776017922E-5   
  36631.8843           2.632068032269355E-5    
  36645.39662          2.6878011576341227E-5   
  36658.90893          2.7580575250134514E-5   
  36672.42125          2.84545749728125E-5     
  36685.93356          2.924571029775059E-5    
  36699.445869999996   2.9833262478251696E-5   
  36712.95819          3.0402399952969585E-5   
  36726.4705           3.118973868473385E-5    
  36739.98282          3.2165391704972956E-5   
  36753.49513          3.319079694931264E-5    
  36767.007450000005   3.426122658338198E-5    
  36780.51976          3.5404811550436345E-5   
  36794.032080000004   3.658815212800165E-5    
  36807.544389999995   3.795196508568348E-5    
  36821.0567           3.920920959959187E-5    
  36834.56902          3.99959711119475E-5     
  36848.08133          4.072276869984185E-5    
  36861.59365          4.164704680641015E-5    
  36875.10596          4.260349043098701E-5    
  36888.618279999995   4.376606399705697E-5    
  36902.13059          4.5185581396440345E-5   
  36915.6429           4.674031961994755E-5    
  36929.15522          4.8785790566756923E-5   
  36942.66753          5.132259782467019E-5    
  36956.17985          5.405591995260763E-5    
  36969.69216          5.722518018526185E-5    
  36983.20448          6.0498074374814436E-5   
  36996.71679          6.3590357351563E-5      
  37010.22911          6.671291941339758E-5    
  37023.74142          6.994025449210137E-5    
  37037.253730000004   7.352061214724738E-5    
  37050.766050000006   7.734438039526986E-5    
  37064.278360000004   8.10575640351911E-5     
  37077.79068          8.4788402927166E-5      
  37091.30299          8.907025702221615E-5    
  37104.81531          9.400772630680414E-5    
  37118.32762          9.940106414618357E-5    
  37131.83993          1.0507853538767258E-4   
  37145.35225          1.110431017840403E-4    
  37158.86456          1.1788068771329829E-4   
  37172.37688          1.2566946512432455E-4   
  37185.889189999994   1.3410318751321383E-4   
  37199.401509999996   1.428065489199235E-4    
  37212.91382          1.5186998598122479E-4   
  37226.426139999996   1.62043038445437E-4     
  37239.93845          1.7340164949545628E-4   
  37253.45076          1.851779292194764E-4    
  37266.96308          1.972011440441112E-4    
  37280.47539          2.0970626171939717E-4   
  37293.98771          2.230895664394846E-4    
  37307.50002          2.3807396436469432E-4   
  37321.01234          2.5451116466694714E-4   
  37334.52465          2.71741323796498E-4     
  37348.03696          2.8991410281842646E-4   
  37361.54928          3.097071425787457E-4    
  37375.06159          3.3067268792894814E-4   
  37388.57391          3.5333399523131343E-4   
  37402.08622          3.771727750751875E-4    
  37415.59854          4.0205302939996806E-4   
  37429.110850000005   4.2795208973468897E-4   
  37442.62317          4.553298053144884E-4    
  37456.13548          4.843294067332001E-4    
  37469.647789999995   5.152729513804868E-4    
  37483.16011          5.479626250274455E-4    
  37496.67242          5.827075374264222E-4    
  37510.18474          6.201419405905625E-4    
  37523.69705          6.599786428078284E-4    
  37537.209370000004   7.01959493563029E-4     
  37550.72168          7.462573928970918E-4    
  37564.234000000004   7.929524721864744E-4    
  37577.74631          8.424763237339247E-4    
  37591.25862          8.950148457221799E-4    
  37604.770939999995   9.501792940454561E-4    
  37618.28325          0.0010081729708261945   
  37631.79557          0.0010694056737273955   
  37645.30788          0.0011339115153191734   
  37658.8202           0.0012019768837665326   
  37672.33251          0.001273717458556677    
  37685.84482          0.0013491018694331415   
  37699.35714          0.001428615458243114    
  37712.86945          0.0015123256474547544   
  37726.38177          0.0016000015721296828   
  37739.89408          0.001692110464919096    
  37753.4064           0.0017889972936339575   
  37766.91871          0.001892244876109786    
  37780.43103          0.002000221172304468    
  37793.94334          0.002113240979936035    
  37807.45565          0.002232188329448329    
  37820.967970000005   0.0023577637713888882   
  37834.480279999996   0.0024902370917756827   
  37847.9926           0.0026297231619670674   
  37861.504909999996   0.0027770328237962313   
  37875.01723          0.0029327761985474847   
  37888.529539999996   0.0030972474646865688   
  37902.04185          0.003271070857307304    
  37915.55417          0.0034541706337684304   
  37929.06648          0.0036480073893551605   
  37942.5788           0.0038537675496836373   
  37956.09111          0.004072098630007276    
  37969.60343          0.0043039267572646065   
  37983.11574          0.004550737365109138    
  37996.628059999995   0.004813188090227566    
  38010.14037          0.005093364031941787    
  38023.65268          0.005392538864571627    
  38037.165            0.005711841586583985    
  38050.67731000001    0.006053042390062598    
  38064.18963          0.006418300314139619    
  38077.70194          0.0068090406508304335   
  38091.21426          0.007227273720495669    
  38104.72657          0.007675660203851528    
  38118.23889          0.00815608853794837     
  38131.7512           0.008671755537113803    
  38145.26351          0.009226059607254887    
  38158.77583          0.009822349836191705    
  38172.28814          0.010467378896775181    
  38185.80046          0.011170287806627453    
  38199.312770000004   0.011918459542571286    
  38212.82509          0.012726157076642045    
  38226.337400000004   0.013599350779733356    
  38239.849709999995   0.014544006630570058    
  38253.36203          0.015565996321254221    
  38266.87434          0.016671882309729335    
  38280.38666          0.017868793551669673    
  38293.89897          0.01916502339985942     
  38307.411290000004   0.020569890653426084    
  38320.9236           0.022092851229624993    
  38334.43592          0.023744419154984653    
  38347.94823          0.0255362158379928      
  38361.46054          0.027480402919657667    
  38374.972859999994   0.029590080067102495    
  38388.48517          0.03190944004567652     
  38401.99749          0.03440092694712224     
  38415.5098           0.0370963788115946      
  38429.02212          0.04001764786236284     
  38442.53443          0.04318123741424415     
  38456.04674          0.04660451567105081     
  38469.55906          0.050305911143388164    
  38483.07137          0.054303836271352615    
  38496.58369          0.05861681268498051     
  38510.096            0.06326272505969315     
  38523.60832          0.06826022189554053     
  38537.120630000005   0.07362768525024017     
  38550.63295          0.07938122417405694     
  38564.14526          0.08553508271286114     
  38577.65757          0.09218300505235597     
  38591.16989          0.09920320753206263     
  38604.6822           0.10662648636600779     
  38618.194520000005   0.11448202952819085     
  38631.706829999996   0.12276741556002431     
  38645.21915          0.13147683015143752     
  38658.731459999995   0.1406008816345033      
  38672.24377          0.15012427515606827     
  38685.75609          0.1600269084330322      
  38699.2684           0.17028609655944563     
  38712.78072          0.18086715486492105     
  38726.29303          0.19173615906485392     
  38739.80535          0.20285390923427576     
  38753.31766          0.21417550914100741     
  38766.82998          0.22565034585731975     
  38780.34229          0.23722952647661621     
  38793.8546           0.2488549542954379      
  38807.36692          0.26047410606156296     
  38820.87923          0.27203506044570347     
  38834.39155          0.2834826915322879      
  38847.90386          0.29476402762362974     
  38861.41618          0.30583276241238333     
  38874.92849          0.3166471401054834      
  38888.44081          0.32716471801236424     
  38901.95312          0.33735634197534503     
  38915.465430000004   0.3471927046009383      
  38928.97775          0.356650323586992       
  38942.49006          0.36571247141682806     
  38956.00238          0.3743716176995421      
  38969.51469          0.3826129227366505      
  38983.02701          0.3908845269750362      
  38996.53932          0.39830179638531904     
  39010.051629999994   0.40530542671787906     
  39023.56395          0.4119070777169914      
  39037.07626          0.41812432003129874     
  39050.588579999996   0.42397034634848185     
  39064.10089          0.4294568457787437      
  39077.613209999996   0.4346091574335229      
  39091.12552          0.439445122705859       
  39104.63784          0.4439794174541546      
  39118.15015          0.44823716892561505     
  39131.66246          0.4522256494461727      
  39145.17478          0.4562158278517109      
  39158.68709          0.4599501039790818      
  39172.19941          0.46321299455290527     
  39185.71172          0.46625796434500955     
  39199.22404          0.4690980631851546      
  39212.73635          0.4717507676751248      
  39226.24866          0.47422007912765274     
  39239.76098          0.4765165479869236      
  39253.273290000005   0.47865764925334564     
  39266.78561          0.48064666915430493     
  39280.29792          0.48248995651959237     
  39293.81024          0.48420104292380095     
  39307.32255          0.4857777287468674      
  39320.83487          0.4872262894538745      
  39334.34718          0.48856258980701417     
  39347.85949          0.4897926641461102      
  39361.37181          0.4909182761820282      
  39374.88412          0.49222641466330397     
  39388.396440000004   0.49346371108532394     
  39401.90875          0.4943347168073331      
  39415.421070000004   0.49519024513794485     
  39428.933379999995   0.49597828359911067     
  39442.44569          0.4966973852404012      
  39455.95801          0.49735476414703794     
  39469.47032          0.49795813747740697     
  39482.98264          0.4985088799137066      
  39496.49495          0.49900984238119317     
  39510.00727          0.49941141373558806     
  39523.51958000001    0.49975405298298603     
  39537.0319           0.5000574390834432      
  39550.54421          0.5003335507495041      
  39564.05652          0.5005835290609378      
  39577.56884          0.5008071528674847      
  39591.08115          0.5010121256660933      
  39604.59347          0.5012030392127035      
  39618.10578          0.5013791639655447      
  39631.6181           0.5015388838419103      
  39645.13041          0.5016899792143115      
  39658.64273          0.5018276641060747      
  39672.15504          0.5019534465930673      
  39685.66735          0.5020753248275104      
  39699.17967          0.5026998657173434      
  39712.691979999996   0.5028637767472715      
  39726.2043           0.5029811554606602      
  39739.71661          0.5030975726610221      
  39753.22893          0.5032090724791697      
  39766.74124          0.5033197647866057      
  39780.25355          0.5040118063933746      
  39793.76587          0.5041176632511419      
  39807.278179999994   0.5042152420939268      
  39820.790499999996   0.5043076619819876      
  39834.30281          0.504395916954992       
  39847.815129999995   0.5044811810631915      
  39861.32744          0.5045674123326792      
  39874.83976          0.5046525158673744      
  39888.35207          0.5047322697320482      
  39901.864380000006   0.5048148052985437      
  39915.3767           0.5048970937542527      
  39928.88901          0.5049753468847565      
  39942.40133          0.5050550058376561      
  39955.91364          0.505135429517704       
  39969.42596          0.5052124204810765      
  39982.93827          0.5052861444382353      
  39996.45058          0.5053617603818013      
  40009.9629           0.5054261936251196      
  40023.47521          0.5054835199974049      
  40036.98753          0.5055439356640322      
  40050.499840000004   0.505603118537719       
  40064.012160000006   0.5056598940644513      
  40077.52447          0.5057178882438016      
  40091.03679          0.5057786433491023      
  40104.5491           0.5058592053164637      
  40118.06141          0.5059850386827649      
  40131.573730000004   0.5061153633937607      
  40145.08604          0.5062421413141098      
  40158.598359999996   0.5063672284284744      
  40172.11067          0.5064933802919576      
  40185.62299          0.5069460281149301      
  40199.1353           0.5073221503136893      
  40212.64761          0.5079472777737917      
  40226.159929999994   0.5080096514429489      
  40239.67224          0.5080689699494859      
  40253.18456          0.5081309707040605      
  40266.69687          0.5081959065071574      
  40280.20919          0.5082603486502235      
  40293.72150000001    0.5083236222720788      
  40307.233819999994   0.5083886201962123      
  40320.74613          0.5084514853619961      
  40334.25844          0.5085098472771948      
  40347.77076          0.508570732069123       
  40361.283070000005   0.5086319146515483      
  40374.79538999999    0.5086912043413774      
  40388.3077           0.508750719892042       
  40401.82002          0.5088245480993413      
  40415.33233          0.5089572947782289      
  40428.84465          0.5090888347071296      
  40442.356960000005   0.5092250936074911      
  40455.869269999996   0.5093606040808156      
  40469.38159          0.5094933567541016      
  40482.893899999995   0.5096258215526251      
  40496.406220000004   0.5097594953668343      
  40509.91853          0.509835424200073       
  40523.430850000004   0.5098914279883722      
  40536.943159999995   0.5099489515027097      
  40550.45547          0.5100034515940772      
  40563.96779          0.5100560497430929      
  40577.4801           0.5101102622573781      
  40590.992419999995   0.510166081050037       
  40604.50472999999    0.5104811442548891      
  40618.017049999995   0.5108569461213893      
  40631.52936          0.5109111607436039      
  40645.04168          0.5109607986833822      
  40658.55399          0.5110061218276929      
  40672.066300000006   0.5110511019990657      
  40685.57862000001    0.5110929844519718      
  40699.090930000006   0.5111274290333095      
  40712.60325          0.5112275101303297      
  40726.11556          0.5116768230290643      
  40739.62788          0.5119964450768526      
  40753.140190000006   0.5120950818128072      
  40766.6525           0.5121969638323606      
  40780.16482          0.5122957060061235      
  40793.67713          0.5123914365779725      
  40807.18945          0.5124527141067468      
  40820.70176          0.5124804357284154      
  40834.214080000005   0.5125029841461657      
  40847.726389999996   0.5125234034697239      
  40861.23871          0.5125461633181134      
  40874.75102          0.5125644360645221      
  40888.26333          0.5125822775266031      
  40901.77565          0.5126028225074879      
  40915.28796          0.512623574847232       
  40928.800279999996   0.5126420673654167      
  40942.31259          0.5126634209265258      
  40955.82491          0.5126892144565786      
  40969.33722          0.5127123086000329      
  40982.84953          0.5127365268988573      
  40996.36185000001    0.5127631257099711      
  41009.87416          0.5127410763464716      
  41023.38648          0.5126966850819659      
  41036.89878999999    0.5130607347300398      
  41050.411109999994   0.513202786903799       
  41063.92342000001    0.5131608251744804      
  41077.43573999999    0.5131198652917935      
  41090.94805          0.5130836184273987      
  41104.46036          0.5130694014840768      
  41117.97268          0.513095838745086       
  41131.484990000004   0.5131274728240565      
  41144.99731          0.5131600917382703      
  41158.509620000004   0.5131904886342857      
  41172.021940000006   0.5132185831080818      
  41185.53425          0.5135637323819839      
  41199.04657          0.5138442917744456      
  41212.55888          0.513873051901729       
  41226.07119          0.5139024047289829      
  41239.583510000004   0.5139318986712765      
  41253.09582          0.5139575528251941      
  41266.608140000004   0.5139827651320164      
  41280.12045          0.5140117454720536      
  41293.632770000004   0.514038002138637       
  41307.145079999995   0.5140252410816187      
  41320.65739          0.5139789473408944      
  41334.16971          0.5139316904683111      
  41347.68202          0.5138769556417756      
  41361.19434          0.513819321266666       
  41374.70664999999    0.5137591698840585      
  41388.218969999994   0.5136939504597655      
  41401.73128000001    0.5136377186052217      
  41415.2436           0.5136939352134224      
  41428.75591          0.5137479847669753      
  41442.26821999999    0.5137964315784038      
  41455.78053999999    0.5138428127975732      
  41469.292850000005   0.5138892217098974      
  41482.80517          0.5145201632253205      
  41496.31748          0.5145548726288534      
  41509.8298           0.5145394872853937      
  41523.342110000005   0.5145020265006154      
  41536.854419999996   0.5144588363388236      
  41550.36674          0.5144092395499351      
  41563.879049999996   0.5143575153286412      
  41577.39136999999    0.5142991999423261      
  41590.90368          0.5142346439690872      
  41604.416000000005   0.5144202903223254      
  41617.928309999996   0.5146762705830149      
  41631.44063          0.5146092886130826      
  41644.95294          0.5145381129752009      
  41658.46525          0.5144668653924843      
  41671.97757          0.5143917374482279      
  41685.489879999994   0.5143063316543666      
  41699.0022           0.5142185687570519      
  41712.51451          0.514134180236913       
  41726.02683          0.5140442870516755      
  41739.53914          0.5139502963195669      
  41753.051459999995   0.5138539704801902      
  41766.56377000001    0.5137559531784114      
  41780.07608          0.5136528062491172      
  41793.5884           0.5135491664391698      
  41807.10071          0.5134463390866859      
  41820.61303          0.5133424978120193      
  41834.125340000006   0.5132351678725725      
  41847.63765999999    0.5131297722560584      
  41861.14997          0.5130249359593522      
  41874.66228          0.5129172877433427      
  41888.1746           0.512806902990359       
  41901.686910000004   0.5126969717088239      
  41915.19923          0.5125803144806167      
  41928.711540000004   0.5124605806799092      
  41942.223860000006   0.5129278455536874      
  41955.73617          0.5128110388436177      
  41969.248490000005   0.5126934899092003      
  41982.7608           0.5125759604297834      
  41996.27311          0.5124637444957243      
  42009.785429999996   0.5123514214302478      
  42023.29774          0.5122384444758004      
  42036.81006          0.512511913294023       
  42050.32237          0.5125848145478948      
  42063.83469          0.512477155753425       
  42077.346999999994   0.5123697273226293      
  42090.85931          0.512264298254697       
  42104.37163          0.5121672189752964      
  42117.88394          0.5120802341439006      
  42131.39626          0.5119936639088976      
  42144.90856999999    0.5119101126521228      
  42158.420889999994   0.5118292701579753      
  42171.93320000001    0.5117474418387442      
  42185.44552          0.5116678768351417      
  42198.95783          0.5115918787288839      
  42212.47013999999    0.5115061712391593      
  42225.98245999999    0.5114192704066995      
  42239.49477          0.5113352431385445      
  42253.00709          0.5112524450306583      
  42266.5194           0.5111670692071852      
  42280.03171999999    0.5110786187401064      
  42293.544030000005   0.5109902226661125      
  42307.056339999996   0.5109012805858959      
  42320.56866          0.5108084532645927      
  42334.08097000001    0.5107119046417019      
  42347.593290000004   0.5106159665337398      
  42361.1056           0.5105200430423806      
  42374.617920000004   0.5104256248246322      
  42388.130229999995   0.5103375971294899      
  42401.64255          0.5102557072231404      
  42415.15486          0.5101694338526219      
  42428.66717          0.5105925493591432      
  42442.17949          0.5105948040530528      
  42455.6918           0.5105225659166157      
  42469.20412000001    0.5104492468750856      
  42482.71643          0.5109383093934854      
  42496.22875          0.5108652049150291      
  42509.74105999999    0.5107819462986645      
  42523.253379999995   0.5106926299541862      
  42536.76569000001    0.5106035334919993      
  42550.278            0.5105164312545782      
  42563.79032          0.5104290558998166      
  42577.30263          0.5103418286376551      
  42590.81495          0.5102564351654869      
  42604.327260000005   0.5098672074688283      
  42617.83958          0.5088287628987352      
  42631.35189          0.5077903588076582      
  42644.864199999996   0.5067527887350545      
  42658.37652          0.5057131831036492      
  42671.88883          0.504669004546657       
  42685.40115          0.5036221374463586      
  42698.91346          0.5025738477371553      
  42712.425780000005   0.5010821473659849      
  42725.938089999996   0.49954871504916554     
  42739.450410000005   0.49801508597770755     
  42752.962719999996   0.49648250295680507     
  42766.47503          0.49494905052470717     
  42779.987349999996   0.4934155199715168      
  42793.49966          0.4918846848313704      
  42807.01198          0.492318576564416       
  42820.52429          0.4945693831553668      
  42834.03661          0.4968174297589045      
  42847.548919999994   0.49906331023177253     
  42861.06123          0.5013054186489143      
  42874.57355          0.503542253978738       
  42888.08586          0.5057758113299047      
  42901.59818          0.5077395820882076      
  42915.11048999999    0.5077017261600485      
  42928.62280999999    0.5076618773118489      
  42942.135120000006   0.5083053739398465      
  42955.64744          0.5087232340504995      
  42969.15975          0.5086844871907488      
  42982.672060000004   0.5086452870974261      
  42996.184380000006   0.5086067470831799      
  43009.69669          0.5085107532770532      
  43023.20901          0.5083899723497585      
  43036.72132          0.5082671704365034      
  43050.23363999999    0.5081444497564311      
  43063.745950000004   0.5080211956398937      
  43077.258259999995   0.5078959357060455      
  43090.77058          0.5077695922014853      
  43104.28289000001    0.5076430502893037      
  43117.795210000004   0.5075136954388324      
  43131.30752          0.5073834414811917      
  43144.819840000004   0.5072533474075646      
  43158.332149999995   0.507124240306739       
  43171.84447          0.5069946104600754      
  43185.35678          0.5068635921126591      
  43198.86909          0.5067322589651623      
  43212.38141          0.5066148557826773      
  43225.89372000001    0.5064971188382121      
  43239.40604000001    0.5063770486986907      
  43252.91835          0.5062560020999047      
  43266.43067          0.5061341587388825      
  43279.94297999999    0.5060105345189434      
  43293.455299999994   0.5058851628323501      
  43306.96761000001    0.5057553296984987      
  43320.47992          0.5056207686893872      
  43333.99224          0.5054851357601529      
  43347.50455          0.5053482294349496      
  43361.01687          0.5052121081719453      
  43374.529180000005   0.5050754311192537      
  43388.0415           0.5049375659196862      
  43401.55381          0.5047973615344938      
  43415.066119999996   0.5046544114348567      
  43428.57844          0.5045080355402957      
  43442.09075          0.5043581228279113      
  43455.60307          0.5045149367642933      
  43469.11538          0.5046027657196349      
  43482.6277           0.5044399006578659      
  43496.14001          0.504261468604091       
  43509.652330000004   0.5040750792332138      
  43523.16464          0.504459752614541       
  43536.67695          0.5042659748447711      
  43550.189269999995   0.5040685964135061      
  43563.70158          0.5038666925540526      
  43577.2139           0.5036612038144257      
  43590.72621          0.5034498346703655      
  43604.23853          0.5032370274254294      
  43617.75083999999    0.5030283665417311      
  43631.263150000006   0.502813820288448       
  43644.77547000001    0.5025925382750606      
  43658.28778          0.5023647447590707      
  43671.8001           0.5021313623282055      
  43685.31240999999    0.5018923685043775      
  43698.82472999999    0.5016481054630182      
  43712.33704          0.5013945443825392      
  43725.84936          0.5011367369849042      
  43739.36167          0.5008740225923558      
  43752.873980000004   0.5006069376023378      
  43766.386300000006   0.500334711267623       
  43779.89861          0.5000597062304093      
  43793.41093          0.49978031647425325     
  43806.92324          0.4995026867028106      
  43820.43555999999    0.4992248701963093      
  43833.94787          0.4989444301711524      
  43847.460179999995   0.4986608628514001      
  43860.972499999996   0.49837590079046035     
  43874.48481000001    0.4980884779428984      
  43887.99713          0.4978008443022618      
  43901.50944          0.4975119995882894      
  43915.02176          0.4972211263794135      
  43928.534069999994   0.49693103676865713     
  43942.046389999996   0.4966430369155791      
  43955.5587           0.49635707555319053     
  43969.07101          0.4961032804696403      
  43982.583329999994   0.4958664723036986      
  43996.09564000001    0.4956314919108141      
  44009.60796000001    0.4953986547960082      
  44023.12027          0.49516721877530806     
  44036.63259          0.4949396686108732      
  44050.14489999999    0.4947226776393727      
  44063.657219999994   0.49503822594893787     
  44077.16953000001    0.4948221142453595      
  44090.68184          0.49461271442641425     
  44104.19416          0.49440779746170527     
  44117.70647          0.4942087977518794      
  44131.21879          0.4940839374649276      
  44144.731100000005   0.4943910582538824      
  44158.24342          0.4942091287109134      
  44171.755730000004   0.4940331578493158      
  44185.268039999995   0.493861589066693       
  44198.780360000004   0.49369413908810383     
  44212.292669999995   0.4935331889207861      
  44225.80499          0.49337627755299945     
  44239.3173           0.49322433121030673     
  44252.82962          0.4930759475978851      
  44266.34193          0.4929332681311993      
  44279.854250000004   0.49279348885859486     
  44293.36656          0.49265905830475953     
  44306.87887          0.4925232400146844      
  44320.391189999995   0.49238787514921656     
  44333.9035           0.4922552928077416      
  44347.41582          0.49212750156977236     
  44360.92813          0.49200278324657526     
  44374.44045          0.4918813176923516      
  44387.95275999999    0.4917625392259867      
  44401.465070000006   0.49164728484371034     
  44414.97739000001    0.49154049320575993     
  44428.4897           0.4914351464850708      
  44442.00202          0.49132926189134796     
  44455.51432999999    0.49120519936035495     
  44469.02665          0.49108357897063304     
  44482.53896          0.4909612846964948      
  44496.05128          0.4908408260799498      
  44509.56359          0.4907170890690755      
  44523.0759           0.49059375864592425     
  44536.588220000005   0.49046921196636495     
  44550.100529999996   0.4903445235937529      
  44563.61285          0.49021974788154715     
  44577.125159999996   0.49009509775871285     
  44590.63747999999    0.48997022243443555     
  44604.14979          0.4898451408423046      
  44617.662110000005   0.4897235610931238      
  44631.174419999996   0.4896015125805672      
  44644.68673000001    0.4894801070845922      
  44658.19905          0.4893559143967562      
  44671.71136          0.489231851585114       
  44685.22368          0.48910570070756704     
  44698.735989999994   0.48897894530454983     
  44712.24831000001    0.4888488213460232      
  44725.76062          0.4887174377609347      
  44739.27293          0.48858454143444885     
  44752.78524999999    0.48844969447261766     
  44766.297560000006   0.4886500371464897      
  44779.80988000001    0.4887077565180121      
  44793.32219          0.48856659683908965     
  44806.83451          0.4884216645747793      
  44820.34682          0.4882745634070087      
  44833.85914          0.4881230888553172      
  44847.371450000006   0.4883796282168143      
  44860.88376          0.48836874598600105     
  44874.39608          0.4882095878707021      
  44887.90839          0.48804798063998817     
  44901.42071          0.48788419448261466     
  44914.933020000004   0.4877143605839716      
  44928.44534          0.48754014046141614     
  44941.957650000004   0.4873622870663924      
  44955.469959999995   0.487171546111425       
  44968.982280000004   0.48697959929358337     
  44982.494589999995   0.486782455002448       
  44996.00691          0.48658241257652113     
  45009.51922          0.4863844084234332      
  45023.031539999996   0.48618684550589025     
  45036.54385          0.48598431753542315     
  45050.05617          0.48577622243687335     
  45063.56848          0.48556560232402723     
  45077.08079000001    0.485350528960129       
  45090.593109999994   0.4851322534973102      
  45104.10542          0.48490723869308494     
  45117.61774          0.48467918856415604     
  45131.13005          0.4844468377120223      
  45144.64237          0.48421233369329575     
  45158.15467999999    0.48397293940162234     
  45171.666990000005   0.4837298665176291      
  45185.17931          0.48348487218414277     
  45198.69162          0.48323564152045784     
  45212.20394          0.48298582242985777     
  45225.71625          0.482730483753097       
  45239.22857          0.48247370267004674     
  45252.74088          0.4822116749684643      
  45266.2532           0.48194580453115765     
  45279.76551          0.4816746269381194      
  45293.27782          0.48140120161486594     
  45306.790140000005   0.48112299848787354     
  45320.302449999996   0.48083820638153574     
  45333.81477          0.4805517637887555      
  45347.32708          0.4802627539787691      
  45360.839400000004   0.47997553013904026     
  45374.35171          0.47968511515467294     
  45387.864030000004   0.4793930262541872      
  45401.376339999995   0.47909869599068067     
  45414.88865          0.47880484900580256     
  45428.40097          0.47850959003599036     
  45441.91328          0.4782101024088081      
  45455.425599999995   0.47790776234850646     
  45468.93791000001    0.47760203975844595     
  45482.45023000001    0.4772975157863739      
  45495.96254          0.47699061777453566     
  45509.47485          0.4766892415051703      
  45522.98716999999    0.4763901662759006      
  45536.499480000006   0.47609243406777424     
  45550.01180000001    0.47579509448614743     
  45563.52411          0.4754971332339027      
  45577.03643          0.47520229875549924     
  45590.54874          0.47490814310534935     
  45604.06106          0.4746147203293045      
  45617.573370000006   0.4747115379355625      
  45631.08568          0.4745424437298331      
  45644.598            0.47424929701299356     
  45658.11031          0.473957202805269       
  45671.62263          0.4736656269635512      
  45685.134939999996   0.4733734143335155      
  45698.64726          0.4730856091337997      
  45712.15957          0.4729115137824298      
  45725.67188          0.4730430710023089      
  45739.1842           0.472751349223962       
  45752.696509999994   0.4724615867255718      
  45766.208829999996   0.47217401562957045     
  45779.72114          0.47188548718715173     
  45793.233459999996   0.4715967647485824      
  45806.74577          0.47130783275769383     
  45820.25809          0.4710231582292884      
  45833.7704           0.47073617894521325     
  45847.28271000001    0.47044805755088354     
  45860.795029999994   0.47015756462729497     
  45874.30734          0.46986571789423837     
  45887.81966          0.46957274227018264     
  45901.33197          0.46927326623461635     
  45914.84429          0.46896519199904696     
  45928.35659999999    0.46865493366005806     
  45941.868910000005   0.46834534412235884     
  45955.38123          0.46803112411948206     
  45968.89354          0.4677126771379986      
  45982.40586          0.46739233108701417     
  45995.918170000004   0.4670700885845401      
  46009.430490000006   0.4667464404773227      
  46022.9428           0.4664154429155254      
  46036.45512          0.4660812195003038      
  46049.96743          0.4657426697789563      
  46063.47974          0.46539988275357747     
  46076.992060000004   0.465049785352185       
  46090.504369999995   0.4646915666438869      
  46104.01669          0.4643493840671702      
  46117.52900000001    0.4640486271499584      
  46131.041320000004   0.46374142494182985     
  46144.55363          0.463424367811607       
  46158.065950000004   0.46310207102304646     
  46171.578259999995   0.46277625368755665     
  46185.09057          0.46244536760499044     
  46198.60289          0.4621085443524906      
  46212.1152           0.46169991389003273     
  46225.627519999995   0.4612804443175249      
  46239.13983000001    0.46085478247337824     
  46252.65215000001    0.460422062177897       
  46266.16446          0.45998196890316256     
  46279.67677          0.4595359625668569      
  46293.18908999999    0.45908623069418136     
  46306.701400000005   0.4586300497306173      
  46320.21372000001    0.4581686896252113      
  46333.72603          0.45770032073102607     
  46347.23835          0.45722898090638503     
  46360.75066          0.4567534564032196      
  46374.26298          0.45627007209970905     
  46387.775290000005   0.4557823921460249      
  46401.287599999996   0.455290604182533       
  46414.79992          0.45480042925132635     
  46428.312229999996   0.4543053073095913      
  46441.824550000005   0.45380550581251333     
  46455.336859999996   0.45330371861312047     
  46468.84918          0.4528010418379741      
  46482.36149          0.45229820968462764     
  46495.8738           0.45179018106375657     
  46509.38612          0.4512782589662651      
  46522.898429999994   0.4512555079157686      
  46536.410749999995   0.4507387059972776      
  46549.92306000001    0.45022099783778147     
  46563.435379999995   0.44970015413770914     
  46576.94769          0.4491820929413717      
  46590.46001          0.4486663461001205      
  46603.97232          0.4481551399072846      
  46617.484630000006   0.44764934189161043     
  46630.99694999999    0.44714615379120426     
  46644.509260000006   0.44664981246594126     
  46658.02158          0.4461580672209726      
  46671.53389          0.44567091204614606     
  46685.04621          0.44518579040162853     
  46698.55852          0.44470753007375025     
  46712.070830000004   0.4442391499315419      
  46725.58315          0.44377631521662264     
  46739.09546          0.4433188196015918      
  46752.60778          0.44286547083212435     
  46766.120090000004   0.4424209555456554      
  46779.632410000006   0.44198353362496146     
  46793.14472          0.4415503282529703      
  46806.65704          0.4411184399639005      
  46820.169350000004   0.44068865356992043     
  46833.68166          0.44026967812041023     
  46847.193980000004   0.43985801446452905     
  46860.706289999995   0.43945359168490983     
  46874.218609999996   0.4390580974104359      
  46887.73092          0.43867373988652997     
  46901.24324          0.4383023832617546      
  46914.75555          0.43794184960660343     
  46928.267869999996   0.4375893903564444      
  46941.780179999994   0.4372460750352839      
  46955.29249          0.4369135493687437      
  46968.80481          0.43659036105896554     
  46982.31712          0.43676732838611104     
  46995.829439999994   0.43645692651416756     
  47009.34175000001    0.4361577463094589      
  47022.85407000001    0.4358688822094748      
  47036.36638          0.4355861201824144      
  47049.87869          0.4353073993647337      
  47063.39100999999    0.43503801884779014     
  47076.903320000005   0.434777137989239       
  47090.41564000001    0.43452445774017506     
  47103.92795          0.43429281556212296     
  47117.44027          0.4341067155234702      
  47130.95258          0.4339291288978807      
  47144.464900000006   0.43375813600377894     
  47157.97721          0.433592459364548       
  47171.489519999996   0.4334278179349882      
  47185.001840000004   0.433266603522671       
  47198.51415          0.43311063613244427     
  47212.026470000004   0.4329036321805725      
  47225.538779999995   0.43269113758699285     
  47239.0511           0.4324780523593069      
  47252.56341          0.4322679016610571      
  47266.07572          0.4320607377142023      
  47279.58804          0.4318523542738394      
  47293.10035          0.4316431526706026      
  47306.61267          0.4314332576486999      
  47320.12498000001    0.4312265097847264      
  47333.637299999995   0.4310206105171342      
  47347.14961          0.43114812799990454     
  47360.66193          0.43106996414892584     
  47374.17424          0.43085567534201796     
  47387.68654999999    0.4306419084803019      
  47401.19886999999    0.4304252512144705      
  47414.711180000006   0.43020600518198265     
  47428.2235           0.42998235596226175     
  47441.73581          0.4297553941950001      
  47455.24813          0.42952636477894807     
  47468.76044          0.42929025244762087     
  47482.27276          0.4290464126190744      
  47495.78507          0.4287979940640885      
  47509.297379999996   0.42854571872924274     
  47522.8097           0.42829046685369654     
  47536.32201          0.4280275962936254      
  47549.834330000005   0.42775839685057204     
  47563.346639999996   0.42748686073692044     
  47576.85896          0.42721263950444965     
  47590.37127          0.4269349201012681      
  47603.88358          0.426651181389214       
  47617.3959           0.4263658219523654      
  47630.908209999994   0.4260620311808212      
  47644.420529999996   0.4257510865379475      
  47657.93284          0.425435091816575       
  47671.44516          0.42511155539495893     
  47684.95747          0.42478455269289284     
  47698.469789999996   0.42445618912894434     
  47711.982099999994   0.4241228699210605      
  47725.49441          0.4237850320932191      
  47739.00673          0.42344195163869264     
  47752.51904          0.42309866298994214     
  47766.03135999999    0.42275624648121557     
  47779.54367000001    0.42241135882683145     
  47793.05599000001    0.42206417954065323     
  47806.5683           0.42171103361081574     
  47820.08061000001    0.42135679338965115     
  47833.59293          0.4210055540277277      
  47847.105240000004   0.42065333694519913     
  47860.617560000006   0.42030065201882216     
  47874.12987          0.4199488410280028      
  47887.64219          0.41960179646712525     
  47901.1545           0.4192580642087127      
  47914.666820000006   0.41891620479425296     
  47928.17913          0.4185749408041722      
  47941.69144          0.41823628828413784     
  47955.203760000004   0.41790305080655016     
  47968.71607          0.417572810636261       
  47982.228390000004   0.4172427613290046      
  47995.740699999995   0.4169152563622649      
  48009.25302          0.4165953077320909      
  48022.76533000001    0.41628258670057927     
  48036.27764          0.41597260322605567     
  48049.78996          0.41566303866979626     
  48063.30227          0.4153577559730215      
  48076.81459          0.41505841202837335     
  48090.32690000001    0.4152183133747597      
  48103.839219999994   0.4149250647511952      
  48117.35153          0.41462650104240617     
  48130.863849999994   0.4143327703412406      
  48144.37616          0.4140448522014951      
  48157.88846999999    0.4137606682626186      
  48171.40079          0.41347660254437163     
  48184.913100000005   0.41319148588856436     
  48198.42542          0.4129086739536862      
  48211.93773          0.4126358535950696      
  48225.45005          0.4123635862512065      
  48238.96236          0.4120885299825759      
  48252.47468          0.4118106585629724      
  48265.98699          0.41153397810079095     
  48279.499299999996   0.41125819681057374     
  48293.011620000005   0.41097917873860246     
  48306.52393          0.41069329346816213     
  48320.036250000005   0.41040091428588854     
  48333.548559999996   0.41010846652149424     
  48347.06088          0.40981480842167406     
  48360.57318999999    0.4095147309010933      
  48374.0855           0.40920659153031547     
  48387.59782          0.40889068130494555     
  48401.110129999994   0.4085695672984544      
  48414.622449999995   0.4082404233269965      
  48428.13476          0.4078990955073605      
  48441.64708          0.40754513955243293     
  48455.15939          0.4071797387644146      
  48468.671709999995   0.40680551865302494     
  48482.18402000001    0.40642124496435283     
  48495.69633          0.4060216631889396      
  48509.20865          0.4056153054792111      
  48522.72096          0.4052001003330546      
  48536.23327999999    0.40477521497490365     
  48549.745590000006   0.4043390580626052      
  48563.25791000001    0.40388624535686013     
  48576.77022          0.40341910251518454     
  48590.28253          0.402939292179126       
  48603.79485          0.40244828860456894     
  48617.307160000004   0.40194336955156706     
  48630.81948          0.40142142832661276     
  48644.33179          0.40088473465983887     
  48657.84411          0.4003349034469834      
  48671.356420000004   0.3997732987920736      
  48684.868740000005   0.3991974303136929      
  48698.381049999996   0.3986048056384721      
  48711.89336          0.3979934619198808      
  48725.40568          0.39737042910420095     
  48738.91799          0.39673784289406683     
  48752.43031          0.3960933140866958      
  48765.942619999994   0.39569251990792426     
  48779.454939999996   0.39519999274281936     
  48792.96725000001    0.3943668551067956      
  48806.47956          0.39352420209087124     
  48819.99188          0.39267647427731706     
  48833.50419          0.3918205523588051      
  48847.01651          0.39095939731969725     
  48860.52881999999    0.3900968559640972      
  48874.041139999994   0.38923235353297897     
  48887.55345          0.38836358993133613     
  48901.065769999994   0.3874904391341554      
  48914.57808          0.38661383084596745     
  48928.09039          0.38573934584182457     
  48941.60271          0.3848658715848009      
  48955.115020000005   0.38399101871753294     
  48968.62734          0.3831148981339396      
  48982.13965          0.38224039129926685     
  48995.65197          0.38137080173089705     
  49009.164280000005   0.3805046720445987      
  49022.676600000006   0.37963993520437256     
  49036.18891          0.3787771256335718      
  49049.70122          0.37791957315420077     
  49063.213540000004   0.3770687777057785      
  49076.72585          0.37622318968106505     
  49090.238170000004   0.37537894902369395     
  49103.750479999995   0.3745357027625994      
  49117.2628           0.3736970784310829      
  49130.77511          0.37286203973055076     
  49144.28742          0.3720278347016137      
  49157.79974          0.37118936741473463     
  49171.31204999999    0.37034575243255424     
  49184.824369999995   0.36949735102910497     
  49198.33668          0.36864477457523537     
  49211.849            0.3677798626416855      
  49225.36131          0.36690004742768245     
  49238.873629999995   0.36600431385356946     
  49252.38594000001    0.3650918129190853      
  49265.89825          0.3641640200940467      
  49279.41057          0.3632122184504868      
  49292.92288          0.3622337433900109      
  49306.43519999999    0.36122361550397253     
  49319.947510000005   0.3601821042621388      
  49333.45983000001    0.35910857025121223     
  49346.97214          0.35799301867359523     
  49360.484449999996   0.35683401095289696     
  49373.99677          0.35561955632186304     
  49387.50908          0.35435517592582966     
  49401.0214           0.35303367193946894     
  49414.533709999996   0.3518249829124621      
  49428.04603          0.3505831966083017      
  49441.55834          0.34905303902326623     
  49455.070660000005   0.34745321108881355     
  49468.582969999996   0.34576941205087186     
  49482.09528          0.34400679276045293     
  49495.60760000001    0.34215387759827137     
  49509.11991          0.3402089817295152      
  49522.63223          0.33817667229186343     
  49536.144539999994   0.3360449369784406      
  49549.656859999996   0.33382476251694904     
  49563.16917000001    0.33149438102104517     
  49576.68148          0.3290667465834275      
  49590.1938           0.3265353084685374      
  49603.70611          0.32390277171068027     
  49617.21843          0.3211725927361869      
  49630.73073999999    0.318330806101949       
  49644.24306          0.3153953192807375      
  49657.755370000006   0.3123486117166861      
  49671.26769          0.3092129970063054      
  49684.78             0.30597730689983116     
  49698.29231          0.30264605786147764     
  49711.80463          0.2992292509019232      
  49725.316940000004   0.2957178422456739      
  49738.82926          0.2921339113147898      
  49752.34157          0.2884571731000481      
  49765.853890000006   0.2847111601425618      
  49779.366200000004   0.28088506054043516     
  49792.878520000006   0.27699317516865424     
  49806.39083          0.2730402757049962      
  49819.90314          0.26902500140426044     
  49833.41545999999    0.26496247460711614     
  49846.92777          0.26083933328769826     
  49860.440090000004   0.25668351594675703     
  49873.952399999995   0.2524848568961004      
  49887.464719999996   0.24825991120266083     
  49900.97703          0.24400624343649668     
  49914.48934          0.23972796659047219     
  49928.00166          0.23543708677659225     
  49941.51396999999    0.23112976024185594     
  49955.026289999994   0.22682611105273315     
  49968.5386           0.22251235479579745     
  49982.05092          0.2182052822517781      
  49995.56323          0.2139014601662621      
  50009.075549999994   0.209632133582215       
  50022.58786000001    0.2053891524975493      
  50036.10017          0.20116082663774537     
  50049.61249          0.1969564267262098      
  50063.12479999999    0.19276923096469473     
  50076.63711999999    0.18861724295031845     
  50090.149430000005   0.18469342420097717     
  50103.66175          0.18060092843632222     
  50117.17406          0.17654219470103727     
  50130.686369999996   0.17252079679411292     
  50144.198690000005   0.1685416475956703      
  50157.711            0.1646027081590984      
  50171.22332          0.1607113719099048      
  50184.735629999996   0.15686032711456857     
  50198.247950000004   0.15305934080306785     
  50211.76026          0.1493035211936525      
  50225.272580000004   0.1455994050698679      
  50238.784889999995   0.14194390987074879     
  50252.29720000001    0.1383370471530776      
  50265.80952000001    0.13478028375124956     
  50279.32183          0.1312705641319531      
  50292.83415          0.12781424395610796     
  50306.34646          0.12440336005469108     
  50319.85878          0.12104393209560768     
  50333.37108999999    0.11772777796789327     
  50346.883409999995   0.11446044965049491     
  50360.39572          0.1112393469335328      
  50373.90803          0.10806552344125561     
  50387.42035          0.10493871257413041     
  50400.93266          0.1018551018529749      
  50414.44498          0.09882002066093053     
  50427.957290000006   0.09582689642411103     
  50441.46961          0.09288461841147289     
  50454.98192          0.08998378432418977     
  50468.49423          0.08713050342631021     
  50482.00655          0.08432000499638494     
  50495.518860000004   0.08155544614685167     
  50509.03118          0.07883642083950657     
  50522.543490000004   0.07616121325671461     
  50536.055810000005   0.07353278884910636     
  50549.56812          0.07094564101830542     
  50563.080440000005   0.06840815728763305     
  50576.592749999996   0.06591294663405063     
  50590.10506          0.06346799614411198     
  50603.61737999999    0.06106601236649875     
  50617.12969          0.058712489621252036    
  50630.64201          0.056406382404797596    
  50644.154319999994   0.054165257949277644    
  50657.666639999996   0.05197309123146582     
  50671.17895          0.04982810041379239     
  50684.69126          0.04773509972917672     
  50698.20358          0.04568994236966713     
  50711.71588999999    0.04370048868511181     
  50725.228209999994   0.041761831889339254    
  50738.74052          0.039879781028242106    
  50752.25284          0.038050299154879036    
  50765.76515          0.03627693796600931     
  50779.27746999999    0.03459359376993809     
  50792.78978000001    0.03293230083519812     
  50806.30209          0.03132491911644832     
  50819.81441          0.02977259549641177     
  50833.32671999999    0.028277295070189182    
  50846.83904          0.026836108752862124    
  50860.351350000004   0.02545217815763472     
  50873.86367          0.0241221751207164      
  50887.37598          0.022847871142771602    
  50900.88829          0.02162653128502013     
  50914.400610000004   0.020458874224449194    
  50927.91292          0.019343258179320515    
  50941.42524          0.018279138714258153    
  50954.93755          0.017265203122898386    
  50968.44987000001    0.01629976017443967     
  50981.96218          0.015381929266180733    
  50995.474500000004   0.014509641314999547   
  51000.15522          4.8785790566756923E-5   
  51000.66753          5.132259782467019E-5    
  51001.17985          5.405591995260763E-5    
  51010.69216          5.722518018526185E-5    
  51200.20448          6.0498074374814436E-5   
  51300.71679          6.3590357351563E-5      
  51400.22911          6.671291941339758E-5    
  51500.74142          6.994025449210137E-5    
  51600.253730000004   7.352061214724738E-5    
  51700.766050000006   7.734438039526986E-5    
  51800.278360000004   8.10575640351911E-5     
  51900.79068          8.4788402927166E-5      
  52000.30299          8.907025702221615E-5    
