# Filter 361: XMM V [added Dec.2012 - via M.Brown]
#  297 data points. Lines1752 to2048
   3.92000E+03   0.00000E+00
   3.93000E+03   0.00000E+00
   3.94000E+03   0.00000E+00
   3.95000E+03   0.00000E+00
   3.96000E+03   0.00000E+00
   3.97000E+03   4.19100E-05
   3.98000E+03   4.16400E-05
   3.99000E+03   0.00000E+00
   4.00000E+03   0.00000E+00
   4.01000E+03   0.00000E+00
   4.02000E+03   4.08900E-05
   4.03000E+03   0.00000E+00
   4.04000E+03   0.00000E+00
   4.05000E+03   4.07100E-05
   4.06000E+03   4.06800E-05
   4.07000E+03   0.00000E+00
   4.08000E+03   0.00000E+00
   4.09000E+03   0.00000E+00
   4.10000E+03   4.06400E-05
   4.11000E+03   0.00000E+00
   4.12000E+03   0.00000E+00
   4.13000E+03   4.05000E-05
   4.14000E+03   4.04000E-05
   4.15000E+03   4.02700E-05
   4.16000E+03   0.00000E+00
   4.17000E+03   3.99300E-05
   4.18000E+03   1.19200E-04
   4.19000E+03   2.76700E-04
   4.20000E+03   6.29200E-04
   4.21000E+03   3.52200E-04
   4.22000E+03   1.94800E-04
   4.23000E+03   1.16400E-04
   4.24000E+03   7.73400E-05
   4.25000E+03   7.71500E-05
   4.26000E+03   3.85100E-05
   4.27000E+03   3.84700E-05
   4.28000E+03   3.84600E-05
   4.29000E+03   7.69200E-05
   4.30000E+03   3.84800E-05
   4.31000E+03   7.70100E-05
   4.32000E+03   3.85300E-05
   4.33000E+03   7.71200E-05
   4.34000E+03   7.71600E-05
   4.35000E+03   1.15800E-04
   4.36000E+03   1.15700E-04
   4.37000E+03   1.54200E-04
   4.38000E+03   2.31000E-04
   4.39000E+03   3.45800E-04
   4.40000E+03   4.98200E-04
   4.41000E+03   7.24700E-04
   4.42000E+03   7.58500E-04
   4.43000E+03   7.15500E-04
   4.44000E+03   5.97500E-04
   4.45000E+03   4.06900E-04
   4.46000E+03   3.29300E-04
   4.47000E+03   2.53200E-04
   4.48000E+03   2.50200E-04
   4.49000E+03   1.41400E-04
   4.50000E+03   1.74900E-04
   4.51000E+03   1.73300E-04
   4.52000E+03   1.37500E-04
   4.53000E+03   1.36800E-04
   4.54000E+03   1.36400E-04
   4.55000E+03   1.36500E-04
   4.56000E+03   1.71200E-04
   4.57000E+03   2.06400E-04
   4.58000E+03   2.42400E-04
   4.59000E+03   2.78800E-04
   4.60000E+03   3.15800E-04
   4.61000E+03   3.52600E-04
   4.62000E+03   4.24800E-04
   4.63000E+03   5.31300E-04
   4.64000E+03   7.06700E-04
   4.65000E+03   8.77400E-04
   4.66000E+03   1.00000E-03
   4.67000E+03   1.00000E-03
   4.68000E+03   1.00000E-03
   4.69000E+03   2.00000E-03
   4.70000E+03   3.00000E-03
   4.71000E+03   4.00000E-03
   4.72000E+03   5.00000E-03
   4.73000E+03   6.00000E-03
   4.74000E+03   7.00000E-03
   4.75000E+03   7.00000E-03
   4.76000E+03   7.00000E-03
   4.77000E+03   6.00000E-03
   4.78000E+03   6.00000E-03
   4.79000E+03   6.00000E-03
   4.80000E+03   6.00000E-03
   4.81000E+03   6.00000E-03
   4.82000E+03   6.00000E-03
   4.83000E+03   6.00000E-03
   4.84000E+03   6.00000E-03
   4.85000E+03   7.00000E-03
   4.86000E+03   8.00000E-03
   4.87000E+03   8.00000E-03
   4.88000E+03   1.00000E-02
   4.89000E+03   1.10000E-02
   4.90000E+03   1.30000E-02
   4.91000E+03   1.50000E-02
   4.92000E+03   1.80000E-02
   4.93000E+03   2.20000E-02
   4.94000E+03   2.80000E-02
   4.95000E+03   3.40000E-02
   4.96000E+03   4.40000E-02
   4.97000E+03   5.60000E-02
   4.98000E+03   7.40000E-02
   4.99000E+03   9.80000E-02
   5.00000E+03   1.30000E-01
   5.01000E+03   1.78000E-01
   5.02000E+03   2.42000E-01
   5.03000E+03   3.27000E-01
   5.04000E+03   4.34000E-01
   5.05000E+03   5.68000E-01
   5.06000E+03   7.22000E-01
   5.07000E+03   8.89000E-01
   5.08000E+03   1.04800E+00
   5.09000E+03   1.19000E+00
   5.10000E+03   1.31300E+00
   5.11000E+03   1.42200E+00
   5.12000E+03   1.52500E+00
   5.13000E+03   1.62300E+00
   5.14000E+03   1.72200E+00
   5.15000E+03   1.81700E+00
   5.16000E+03   1.91400E+00
   5.17000E+03   2.00700E+00
   5.18000E+03   2.09300E+00
   5.19000E+03   2.16100E+00
   5.20000E+03   2.20900E+00
   5.21000E+03   2.23900E+00
   5.22000E+03   2.25700E+00
   5.23000E+03   2.26300E+00
   5.24000E+03   2.25900E+00
   5.25000E+03   2.24900E+00
   5.26000E+03   2.23600E+00
   5.27000E+03   2.22300E+00
   5.28000E+03   2.20800E+00
   5.29000E+03   2.19300E+00
   5.30000E+03   2.17700E+00
   5.31000E+03   2.16200E+00
   5.32000E+03   2.14700E+00
   5.33000E+03   2.13500E+00
   5.34000E+03   2.12600E+00
   5.35000E+03   2.11900E+00
   5.36000E+03   2.11400E+00
   5.37000E+03   2.11000E+00
   5.38000E+03   2.10700E+00
   5.39000E+03   2.10100E+00
   5.40000E+03   2.09800E+00
   5.41000E+03   2.09400E+00
   5.42000E+03   2.08800E+00
   5.43000E+03   2.08000E+00
   5.44000E+03   2.06700E+00
   5.45000E+03   2.05000E+00
   5.46000E+03   2.03500E+00
   5.47000E+03   2.01800E+00
   5.48000E+03   1.99900E+00
   5.49000E+03   1.97700E+00
   5.50000E+03   1.95100E+00
   5.51000E+03   1.92900E+00
   5.52000E+03   1.91000E+00
   5.53000E+03   1.89200E+00
   5.54000E+03   1.87300E+00
   5.55000E+03   1.85700E+00
   5.56000E+03   1.84400E+00
   5.57000E+03   1.83700E+00
   5.58000E+03   1.83100E+00
   5.59000E+03   1.82400E+00
   5.60000E+03   1.81400E+00
   5.61000E+03   1.80600E+00
   5.62000E+03   1.80500E+00
   5.63000E+03   1.80800E+00
   5.64000E+03   1.81100E+00
   5.65000E+03   1.80900E+00
   5.66000E+03   1.80200E+00
   5.67000E+03   1.79100E+00
   5.68000E+03   1.77800E+00
   5.69000E+03   1.75900E+00
   5.70000E+03   1.72300E+00
   5.71000E+03   1.68400E+00
   5.72000E+03   1.64500E+00
   5.73000E+03   1.61000E+00
   5.74000E+03   1.57300E+00
   5.75000E+03   1.53600E+00
   5.76000E+03   1.49200E+00
   5.77000E+03   1.43400E+00
   5.78000E+03   1.34900E+00
   5.79000E+03   1.22300E+00
   5.80000E+03   1.05800E+00
   5.81000E+03   8.76000E-01
   5.82000E+03   7.07000E-01
   5.83000E+03   5.61000E-01
   5.84000E+03   4.41000E-01
   5.85000E+03   3.44000E-01
   5.86000E+03   2.70000E-01
   5.87000E+03   2.13000E-01
   5.88000E+03   1.70000E-01
   5.89000E+03   1.35000E-01
   5.90000E+03   1.07000E-01
   5.91000E+03   8.40000E-02
   5.92000E+03   6.40000E-02
   5.93000E+03   4.90000E-02
   5.94000E+03   3.70000E-02
   5.95000E+03   2.80000E-02
   5.96000E+03   2.10000E-02
   5.97000E+03   1.60000E-02
   5.98000E+03   1.20000E-02
   5.99000E+03   9.00000E-03
   6.00000E+03   7.00000E-03
   6.01000E+03   6.00000E-03
   6.02000E+03   5.00000E-03
   6.03000E+03   4.00000E-03
   6.04000E+03   3.00000E-03
   6.05000E+03   3.00000E-03
   6.06000E+03   2.00000E-03
   6.07000E+03   2.00000E-03
   6.08000E+03   2.00000E-03
   6.09000E+03   1.00000E-03
   6.10000E+03   1.00000E-03
   6.11000E+03   1.00000E-03
   6.12000E+03   1.00000E-03
   6.13000E+03   1.00000E-03
   6.14000E+03   1.00000E-03
   6.15000E+03   9.88000E-04
   6.16000E+03   8.61900E-04
   6.17000E+03   7.50800E-04
   6.18000E+03   6.41100E-04
   6.19000E+03   5.07000E-04
   6.20000E+03   4.39100E-04
   6.21000E+03   3.84600E-04
   6.22000E+03   3.30900E-04
