5.900000000000000000e+03 0.000000000000000000e+00
5.901000000000000000e+03 0.000000000000000000e+00
5.902000000000000000e+03 0.000000000000000000e+00
5.903000000000000000e+03 0.000000000000000000e+00
5.904000000000000000e+03 0.000000000000000000e+00
5.905000000000000000e+03 0.000000000000000000e+00
5.906000000000000000e+03 0.000000000000000000e+00
5.907000000000000000e+03 0.000000000000000000e+00
5.908000000000000000e+03 0.000000000000000000e+00
5.909000000000000000e+03 0.000000000000000000e+00
5.910000000000000000e+03 0.000000000000000000e+00
5.911000000000000000e+03 0.000000000000000000e+00
5.912000000000000000e+03 0.000000000000000000e+00
5.913000000000000000e+03 0.000000000000000000e+00
5.914000000000000000e+03 0.000000000000000000e+00
5.915000000000000000e+03 0.000000000000000000e+00
5.916000000000000000e+03 0.000000000000000000e+00
5.917000000000000000e+03 0.000000000000000000e+00
5.918000000000000000e+03 0.000000000000000000e+00
5.919000000000000000e+03 0.000000000000000000e+00
5.920000000000000000e+03 0.000000000000000000e+00
5.921000000000000000e+03 0.000000000000000000e+00
5.922000000000000000e+03 0.000000000000000000e+00
5.923000000000000000e+03 0.000000000000000000e+00
5.924000000000000000e+03 0.000000000000000000e+00
5.925000000000000000e+03 0.000000000000000000e+00
5.926000000000000000e+03 0.000000000000000000e+00
5.927000000000000000e+03 0.000000000000000000e+00
5.928000000000000000e+03 0.000000000000000000e+00
5.929000000000000000e+03 0.000000000000000000e+00
5.930000000000000000e+03 0.000000000000000000e+00
5.931000000000000000e+03 0.000000000000000000e+00
5.932000000000000000e+03 0.000000000000000000e+00
5.933000000000000000e+03 0.000000000000000000e+00
5.934000000000000000e+03 0.000000000000000000e+00
5.935000000000000000e+03 0.000000000000000000e+00
5.936000000000000000e+03 0.000000000000000000e+00
5.937000000000000000e+03 0.000000000000000000e+00
5.938000000000000000e+03 0.000000000000000000e+00
5.939000000000000000e+03 0.000000000000000000e+00
5.940000000000000000e+03 0.000000000000000000e+00
5.941000000000000000e+03 0.000000000000000000e+00
5.942000000000000000e+03 0.000000000000000000e+00
5.943000000000000000e+03 0.000000000000000000e+00
5.944000000000000000e+03 0.000000000000000000e+00
5.945000000000000000e+03 0.000000000000000000e+00
5.946000000000000000e+03 0.000000000000000000e+00
5.947000000000000000e+03 0.000000000000000000e+00
5.948000000000000000e+03 0.000000000000000000e+00
5.949000000000000000e+03 0.000000000000000000e+00
5.950000000000000000e+03 0.000000000000000000e+00
5.951000000000000000e+03 0.000000000000000000e+00
5.952000000000000000e+03 0.000000000000000000e+00
5.953000000000000000e+03 0.000000000000000000e+00
5.954000000000000000e+03 0.000000000000000000e+00
5.955000000000000000e+03 0.000000000000000000e+00
5.956000000000000000e+03 0.000000000000000000e+00
5.957000000000000000e+03 0.000000000000000000e+00
5.958000000000000000e+03 0.000000000000000000e+00
5.959000000000000000e+03 0.000000000000000000e+00
5.960000000000000000e+03 0.000000000000000000e+00
5.961000000000000000e+03 0.000000000000000000e+00
5.962000000000000000e+03 0.000000000000000000e+00
5.963000000000000000e+03 0.000000000000000000e+00
5.964000000000000000e+03 0.000000000000000000e+00
5.965000000000000000e+03 0.000000000000000000e+00
5.966000000000000000e+03 0.000000000000000000e+00
5.967000000000000000e+03 0.000000000000000000e+00
5.968000000000000000e+03 0.000000000000000000e+00
5.969000000000000000e+03 0.000000000000000000e+00
5.970000000000000000e+03 0.000000000000000000e+00
5.971000000000000000e+03 0.000000000000000000e+00
5.972000000000000000e+03 0.000000000000000000e+00
5.973000000000000000e+03 0.000000000000000000e+00
5.974000000000000000e+03 0.000000000000000000e+00
5.975000000000000000e+03 0.000000000000000000e+00
5.976000000000000000e+03 0.000000000000000000e+00
5.977000000000000000e+03 0.000000000000000000e+00
5.978000000000000000e+03 0.000000000000000000e+00
5.979000000000000000e+03 0.000000000000000000e+00
5.980000000000000000e+03 0.000000000000000000e+00
5.981000000000000000e+03 0.000000000000000000e+00
5.982000000000000000e+03 0.000000000000000000e+00
5.983000000000000000e+03 0.000000000000000000e+00
5.984000000000000000e+03 0.000000000000000000e+00
5.985000000000000000e+03 0.000000000000000000e+00
5.986000000000000000e+03 0.000000000000000000e+00
5.987000000000000000e+03 0.000000000000000000e+00
5.988000000000000000e+03 0.000000000000000000e+00
5.989000000000000000e+03 0.000000000000000000e+00
5.990000000000000000e+03 0.000000000000000000e+00
5.991000000000000000e+03 0.000000000000000000e+00
5.992000000000000000e+03 0.000000000000000000e+00
5.993000000000000000e+03 0.000000000000000000e+00
5.994000000000000000e+03 0.000000000000000000e+00
5.995000000000000000e+03 0.000000000000000000e+00
5.996000000000000000e+03 0.000000000000000000e+00
5.997000000000000000e+03 0.000000000000000000e+00
5.998000000000000000e+03 0.000000000000000000e+00
5.999000000000000000e+03 0.000000000000000000e+00
6.000000000000000000e+03 1.000000000000000000e+00
6.001002004008016229e+03 1.000000000000000000e+00
6.002004008016032458e+03 1.000000000000000000e+00
6.003006012024047777e+03 1.000000000000000000e+00
6.004008016032064006e+03 1.000000000000000000e+00
6.005010020040080235e+03 1.000000000000000000e+00
6.006012024048096464e+03 1.000000000000000000e+00
6.007014028056111783e+03 1.000000000000000000e+00
6.008016032064128012e+03 1.000000000000000000e+00
6.009018036072144241e+03 1.000000000000000000e+00
6.010020040080160470e+03 1.000000000000000000e+00
6.011022044088176699e+03 1.000000000000000000e+00
6.012024048096192018e+03 1.000000000000000000e+00
6.013026052104208247e+03 1.000000000000000000e+00
6.014028056112224476e+03 1.000000000000000000e+00
6.015030060120240705e+03 1.000000000000000000e+00
6.016032064128256934e+03 1.000000000000000000e+00
6.017034068136272253e+03 1.000000000000000000e+00
6.018036072144288482e+03 1.000000000000000000e+00
6.019038076152304711e+03 1.000000000000000000e+00
6.020040080160320940e+03 1.000000000000000000e+00
6.021042084168336260e+03 1.000000000000000000e+00
6.022044088176352489e+03 1.000000000000000000e+00
6.023046092184368717e+03 1.000000000000000000e+00
6.024048096192384946e+03 1.000000000000000000e+00
6.025050100200401175e+03 1.000000000000000000e+00
6.026052104208416495e+03 1.000000000000000000e+00
6.027054108216432724e+03 1.000000000000000000e+00
6.028056112224448952e+03 1.000000000000000000e+00
6.029058116232465181e+03 1.000000000000000000e+00
6.030060120240481410e+03 1.000000000000000000e+00
6.031062124248496730e+03 1.000000000000000000e+00
6.032064128256512959e+03 1.000000000000000000e+00
6.033066132264529188e+03 1.000000000000000000e+00
6.034068136272545416e+03 1.000000000000000000e+00
6.035070140280560736e+03 1.000000000000000000e+00
6.036072144288576965e+03 1.000000000000000000e+00
6.037074148296593194e+03 1.000000000000000000e+00
6.038076152304609423e+03 1.000000000000000000e+00
6.039078156312625651e+03 1.000000000000000000e+00
6.040080160320640971e+03 1.000000000000000000e+00
6.041082164328657200e+03 1.000000000000000000e+00
6.042084168336673429e+03 1.000000000000000000e+00
6.043086172344689658e+03 1.000000000000000000e+00
6.044088176352704977e+03 1.000000000000000000e+00
6.045090180360721206e+03 1.000000000000000000e+00
6.046092184368737435e+03 1.000000000000000000e+00
6.047094188376753664e+03 1.000000000000000000e+00
6.048096192384769893e+03 1.000000000000000000e+00
6.049098196392785212e+03 1.000000000000000000e+00
6.050100200400801441e+03 1.000000000000000000e+00
6.051102204408817670e+03 1.000000000000000000e+00
6.052104208416833899e+03 1.000000000000000000e+00
6.053106212424850128e+03 1.000000000000000000e+00
6.054108216432865447e+03 1.000000000000000000e+00
6.055110220440881676e+03 1.000000000000000000e+00
6.056112224448897905e+03 1.000000000000000000e+00
6.057114228456914134e+03 1.000000000000000000e+00
6.058116232464929453e+03 1.000000000000000000e+00
6.059118236472945682e+03 1.000000000000000000e+00
6.060120240480961911e+03 1.000000000000000000e+00
6.061122244488978140e+03 1.000000000000000000e+00
6.062124248496994369e+03 1.000000000000000000e+00
6.063126252505009688e+03 1.000000000000000000e+00
6.064128256513025917e+03 1.000000000000000000e+00
6.065130260521042146e+03 1.000000000000000000e+00
6.066132264529058375e+03 1.000000000000000000e+00
6.067134268537073694e+03 1.000000000000000000e+00
6.068136272545089923e+03 1.000000000000000000e+00
6.069138276553106152e+03 1.000000000000000000e+00
6.070140280561122381e+03 1.000000000000000000e+00
6.071142284569138610e+03 1.000000000000000000e+00
6.072144288577153930e+03 1.000000000000000000e+00
6.073146292585170158e+03 1.000000000000000000e+00
6.074148296593186387e+03 1.000000000000000000e+00
6.075150300601202616e+03 1.000000000000000000e+00
6.076152304609218845e+03 1.000000000000000000e+00
6.077154308617234165e+03 1.000000000000000000e+00
6.078156312625250393e+03 1.000000000000000000e+00
6.079158316633266622e+03 1.000000000000000000e+00
6.080160320641282851e+03 1.000000000000000000e+00
6.081162324649298171e+03 1.000000000000000000e+00
6.082164328657314400e+03 1.000000000000000000e+00
6.083166332665330629e+03 1.000000000000000000e+00
6.084168336673346857e+03 1.000000000000000000e+00
6.085170340681363086e+03 1.000000000000000000e+00
6.086172344689378406e+03 1.000000000000000000e+00
6.087174348697394635e+03 1.000000000000000000e+00
6.088176352705410864e+03 1.000000000000000000e+00
6.089178356713427092e+03 1.000000000000000000e+00
6.090180360721443321e+03 1.000000000000000000e+00
6.091182364729458641e+03 1.000000000000000000e+00
6.092184368737474870e+03 1.000000000000000000e+00
6.093186372745491099e+03 1.000000000000000000e+00
6.094188376753507328e+03 1.000000000000000000e+00
6.095190380761522647e+03 1.000000000000000000e+00
6.096192384769538876e+03 1.000000000000000000e+00
6.097194388777555105e+03 1.000000000000000000e+00
6.098196392785571334e+03 1.000000000000000000e+00
6.099198396793587563e+03 1.000000000000000000e+00
6.100200400801602882e+03 1.000000000000000000e+00
6.101202404809619111e+03 1.000000000000000000e+00
6.102204408817635340e+03 1.000000000000000000e+00
6.103206412825651569e+03 1.000000000000000000e+00
6.104208416833666888e+03 1.000000000000000000e+00
6.105210420841683117e+03 1.000000000000000000e+00
6.106212424849699346e+03 1.000000000000000000e+00
6.107214428857715575e+03 1.000000000000000000e+00
6.108216432865731804e+03 1.000000000000000000e+00
6.109218436873747123e+03 1.000000000000000000e+00
6.110220440881763352e+03 1.000000000000000000e+00
6.111222444889779581e+03 1.000000000000000000e+00
6.112224448897795810e+03 1.000000000000000000e+00
6.113226452905812039e+03 1.000000000000000000e+00
6.114228456913827358e+03 1.000000000000000000e+00
6.115230460921843587e+03 1.000000000000000000e+00
6.116232464929859816e+03 1.000000000000000000e+00
6.117234468937876045e+03 1.000000000000000000e+00
6.118236472945891364e+03 1.000000000000000000e+00
6.119238476953907593e+03 1.000000000000000000e+00
6.120240480961923822e+03 1.000000000000000000e+00
6.121242484969940051e+03 1.000000000000000000e+00
6.122244488977956280e+03 1.000000000000000000e+00
6.123246492985971599e+03 1.000000000000000000e+00
6.124248496993987828e+03 1.000000000000000000e+00
6.125250501002004057e+03 1.000000000000000000e+00
6.126252505010020286e+03 1.000000000000000000e+00
6.127254509018035606e+03 1.000000000000000000e+00
6.128256513026051834e+03 1.000000000000000000e+00
6.129258517034068063e+03 1.000000000000000000e+00
6.130260521042084292e+03 1.000000000000000000e+00
6.131262525050100521e+03 1.000000000000000000e+00
6.132264529058115841e+03 1.000000000000000000e+00
6.133266533066132070e+03 1.000000000000000000e+00
6.134268537074148298e+03 1.000000000000000000e+00
6.135270541082164527e+03 1.000000000000000000e+00
6.136272545090180756e+03 1.000000000000000000e+00
6.137274549098196076e+03 1.000000000000000000e+00
6.138276553106212305e+03 1.000000000000000000e+00
6.139278557114228533e+03 1.000000000000000000e+00
6.140280561122244762e+03 1.000000000000000000e+00
6.141282565130260082e+03 1.000000000000000000e+00
6.142284569138276311e+03 1.000000000000000000e+00
6.143286573146292540e+03 1.000000000000000000e+00
6.144288577154308769e+03 1.000000000000000000e+00
6.145290581162324997e+03 1.000000000000000000e+00
6.146292585170340317e+03 1.000000000000000000e+00
6.147294589178356546e+03 1.000000000000000000e+00
6.148296593186372775e+03 1.000000000000000000e+00
6.149298597194389004e+03 1.000000000000000000e+00
6.150300601202405232e+03 1.000000000000000000e+00
6.151302605210420552e+03 1.000000000000000000e+00
6.152304609218436781e+03 1.000000000000000000e+00
6.153306613226453010e+03 1.000000000000000000e+00
6.154308617234469239e+03 1.000000000000000000e+00
6.155310621242484558e+03 1.000000000000000000e+00
6.156312625250500787e+03 1.000000000000000000e+00
6.157314629258517016e+03 1.000000000000000000e+00
6.158316633266533245e+03 1.000000000000000000e+00
6.159318637274549474e+03 1.000000000000000000e+00
6.160320641282564793e+03 1.000000000000000000e+00
6.161322645290581022e+03 1.000000000000000000e+00
6.162324649298597251e+03 1.000000000000000000e+00
6.163326653306613480e+03 1.000000000000000000e+00
6.164328657314628799e+03 1.000000000000000000e+00
6.165330661322645028e+03 1.000000000000000000e+00
6.166332665330661257e+03 1.000000000000000000e+00
6.167334669338677486e+03 1.000000000000000000e+00
6.168336673346693715e+03 1.000000000000000000e+00
6.169338677354709034e+03 1.000000000000000000e+00
6.170340681362725263e+03 1.000000000000000000e+00
6.171342685370741492e+03 1.000000000000000000e+00
6.172344689378757721e+03 1.000000000000000000e+00
6.173346693386773950e+03 1.000000000000000000e+00
6.174348697394789269e+03 1.000000000000000000e+00
6.175350701402805498e+03 1.000000000000000000e+00
6.176352705410821727e+03 1.000000000000000000e+00
6.177354709418837956e+03 1.000000000000000000e+00
6.178356713426853275e+03 1.000000000000000000e+00
6.179358717434869504e+03 1.000000000000000000e+00
6.180360721442885733e+03 1.000000000000000000e+00
6.181362725450901962e+03 1.000000000000000000e+00
6.182364729458918191e+03 1.000000000000000000e+00
6.183366733466933510e+03 1.000000000000000000e+00
6.184368737474949739e+03 1.000000000000000000e+00
6.185370741482965968e+03 1.000000000000000000e+00
6.186372745490982197e+03 1.000000000000000000e+00
6.187374749498998426e+03 1.000000000000000000e+00
6.188376753507013746e+03 1.000000000000000000e+00
6.189378757515029974e+03 1.000000000000000000e+00
6.190380761523046203e+03 1.000000000000000000e+00
6.191382765531062432e+03 1.000000000000000000e+00
6.192384769539077752e+03 1.000000000000000000e+00
6.193386773547093981e+03 1.000000000000000000e+00
6.194388777555110210e+03 1.000000000000000000e+00
6.195390781563126438e+03 1.000000000000000000e+00
6.196392785571142667e+03 1.000000000000000000e+00
6.197394789579157987e+03 1.000000000000000000e+00
6.198396793587174216e+03 1.000000000000000000e+00
6.199398797595190445e+03 1.000000000000000000e+00
6.200400801603206673e+03 1.000000000000000000e+00
6.201402805611221993e+03 1.000000000000000000e+00
6.202404809619238222e+03 1.000000000000000000e+00
6.203406813627254451e+03 1.000000000000000000e+00
6.204408817635270680e+03 1.000000000000000000e+00
6.205410821643286909e+03 1.000000000000000000e+00
6.206412825651302228e+03 1.000000000000000000e+00
6.207414829659318457e+03 1.000000000000000000e+00
6.208416833667334686e+03 1.000000000000000000e+00
6.209418837675350915e+03 1.000000000000000000e+00
6.210420841683367144e+03 1.000000000000000000e+00
6.211422845691382463e+03 1.000000000000000000e+00
6.212424849699398692e+03 1.000000000000000000e+00
6.213426853707414921e+03 1.000000000000000000e+00
6.214428857715431150e+03 1.000000000000000000e+00
6.215430861723446469e+03 1.000000000000000000e+00
6.216432865731462698e+03 1.000000000000000000e+00
6.217434869739478927e+03 1.000000000000000000e+00
6.218436873747495156e+03 1.000000000000000000e+00
6.219438877755511385e+03 1.000000000000000000e+00
6.220440881763526704e+03 1.000000000000000000e+00
6.221442885771542933e+03 1.000000000000000000e+00
6.222444889779559162e+03 1.000000000000000000e+00
6.223446893787575391e+03 1.000000000000000000e+00
6.224448897795591620e+03 1.000000000000000000e+00
6.225450901803606939e+03 1.000000000000000000e+00
6.226452905811623168e+03 1.000000000000000000e+00
6.227454909819639397e+03 1.000000000000000000e+00
6.228456913827655626e+03 1.000000000000000000e+00
6.229458917835670945e+03 1.000000000000000000e+00
6.230460921843687174e+03 1.000000000000000000e+00
6.231462925851703403e+03 1.000000000000000000e+00
6.232464929859719632e+03 1.000000000000000000e+00
6.233466933867735861e+03 1.000000000000000000e+00
6.234468937875751180e+03 1.000000000000000000e+00
6.235470941883767409e+03 1.000000000000000000e+00
6.236472945891783638e+03 1.000000000000000000e+00
6.237474949899799867e+03 1.000000000000000000e+00
6.238476953907815187e+03 1.000000000000000000e+00
6.239478957915831415e+03 1.000000000000000000e+00
6.240480961923847644e+03 1.000000000000000000e+00
6.241482965931863873e+03 1.000000000000000000e+00
6.242484969939880102e+03 1.000000000000000000e+00
6.243486973947895422e+03 1.000000000000000000e+00
6.244488977955911650e+03 1.000000000000000000e+00
6.245490981963927879e+03 1.000000000000000000e+00
6.246492985971944108e+03 1.000000000000000000e+00
6.247494989979959428e+03 1.000000000000000000e+00
6.248496993987975657e+03 1.000000000000000000e+00
6.249498997995991886e+03 1.000000000000000000e+00
6.250501002004008114e+03 1.000000000000000000e+00
6.251503006012024343e+03 1.000000000000000000e+00
6.252505010020039663e+03 1.000000000000000000e+00
6.253507014028055892e+03 1.000000000000000000e+00
6.254509018036072121e+03 1.000000000000000000e+00
6.255511022044088350e+03 1.000000000000000000e+00
6.256513026052104578e+03 1.000000000000000000e+00
6.257515030060119898e+03 1.000000000000000000e+00
6.258517034068136127e+03 1.000000000000000000e+00
6.259519038076152356e+03 1.000000000000000000e+00
6.260521042084168585e+03 1.000000000000000000e+00
6.261523046092184813e+03 1.000000000000000000e+00
6.262525050100200133e+03 1.000000000000000000e+00
6.263527054108216362e+03 1.000000000000000000e+00
6.264529058116232591e+03 1.000000000000000000e+00
6.265531062124248820e+03 1.000000000000000000e+00
6.266533066132264139e+03 1.000000000000000000e+00
6.267535070140280368e+03 1.000000000000000000e+00
6.268537074148296597e+03 1.000000000000000000e+00
6.269539078156312826e+03 1.000000000000000000e+00
6.270541082164329055e+03 1.000000000000000000e+00
6.271543086172344374e+03 1.000000000000000000e+00
6.272545090180360603e+03 1.000000000000000000e+00
6.273547094188376832e+03 1.000000000000000000e+00
6.274549098196393061e+03 1.000000000000000000e+00
6.275551102204408380e+03 1.000000000000000000e+00
6.276553106212424609e+03 1.000000000000000000e+00
6.277555110220440838e+03 1.000000000000000000e+00
6.278557114228457067e+03 1.000000000000000000e+00
6.279559118236473296e+03 1.000000000000000000e+00
6.280561122244488615e+03 1.000000000000000000e+00
6.281563126252504844e+03 1.000000000000000000e+00
6.282565130260521073e+03 1.000000000000000000e+00
6.283567134268537302e+03 1.000000000000000000e+00
6.284569138276552621e+03 1.000000000000000000e+00
6.285571142284568850e+03 1.000000000000000000e+00
6.286573146292585079e+03 1.000000000000000000e+00
6.287575150300601308e+03 1.000000000000000000e+00
6.288577154308617537e+03 1.000000000000000000e+00
6.289579158316632856e+03 1.000000000000000000e+00
6.290581162324649085e+03 1.000000000000000000e+00
6.291583166332665314e+03 1.000000000000000000e+00
6.292585170340681543e+03 1.000000000000000000e+00
6.293587174348697772e+03 1.000000000000000000e+00
6.294589178356713091e+03 1.000000000000000000e+00
6.295591182364729320e+03 1.000000000000000000e+00
6.296593186372745549e+03 1.000000000000000000e+00
6.297595190380761778e+03 1.000000000000000000e+00
6.298597194388777098e+03 1.000000000000000000e+00
6.299599198396793327e+03 1.000000000000000000e+00
6.300601202404809555e+03 1.000000000000000000e+00
6.301603206412825784e+03 1.000000000000000000e+00
6.302605210420842013e+03 1.000000000000000000e+00
6.303607214428857333e+03 1.000000000000000000e+00
6.304609218436873562e+03 1.000000000000000000e+00
6.305611222444889790e+03 1.000000000000000000e+00
6.306613226452906019e+03 1.000000000000000000e+00
6.307615230460922248e+03 1.000000000000000000e+00
6.308617234468937568e+03 1.000000000000000000e+00
6.309619238476953797e+03 1.000000000000000000e+00
6.310621242484970026e+03 1.000000000000000000e+00
6.311623246492986254e+03 1.000000000000000000e+00
6.312625250501001574e+03 1.000000000000000000e+00
6.313627254509017803e+03 1.000000000000000000e+00
6.314629258517034032e+03 1.000000000000000000e+00
6.315631262525050261e+03 1.000000000000000000e+00
6.316633266533066490e+03 1.000000000000000000e+00
6.317635270541081809e+03 1.000000000000000000e+00
6.318637274549098038e+03 1.000000000000000000e+00
6.319639278557114267e+03 1.000000000000000000e+00
6.320641282565130496e+03 1.000000000000000000e+00
6.321643286573145815e+03 1.000000000000000000e+00
6.322645290581162044e+03 1.000000000000000000e+00
6.323647294589178273e+03 1.000000000000000000e+00
6.324649298597194502e+03 1.000000000000000000e+00
6.325651302605210731e+03 1.000000000000000000e+00
6.326653306613226050e+03 1.000000000000000000e+00
6.327655310621242279e+03 1.000000000000000000e+00
6.328657314629258508e+03 1.000000000000000000e+00
6.329659318637274737e+03 1.000000000000000000e+00
6.330661322645290966e+03 1.000000000000000000e+00
6.331663326653306285e+03 1.000000000000000000e+00
6.332665330661322514e+03 1.000000000000000000e+00
6.333667334669338743e+03 1.000000000000000000e+00
6.334669338677354972e+03 1.000000000000000000e+00
6.335671342685370291e+03 1.000000000000000000e+00
6.336673346693386520e+03 1.000000000000000000e+00
6.337675350701402749e+03 1.000000000000000000e+00
6.338677354709418978e+03 1.000000000000000000e+00
6.339679358717435207e+03 1.000000000000000000e+00
6.340681362725450526e+03 1.000000000000000000e+00
6.341683366733466755e+03 1.000000000000000000e+00
6.342685370741482984e+03 1.000000000000000000e+00
6.343687374749499213e+03 1.000000000000000000e+00
6.344689378757515442e+03 1.000000000000000000e+00
6.345691382765530761e+03 1.000000000000000000e+00
6.346693386773546990e+03 1.000000000000000000e+00
6.347695390781563219e+03 1.000000000000000000e+00
6.348697394789579448e+03 1.000000000000000000e+00
6.349699398797594768e+03 1.000000000000000000e+00
6.350701402805610996e+03 1.000000000000000000e+00
6.351703406813627225e+03 1.000000000000000000e+00
6.352705410821643454e+03 1.000000000000000000e+00
6.353707414829659683e+03 1.000000000000000000e+00
6.354709418837675003e+03 1.000000000000000000e+00
6.355711422845691231e+03 1.000000000000000000e+00
6.356713426853707460e+03 1.000000000000000000e+00
6.357715430861723689e+03 1.000000000000000000e+00
6.358717434869739009e+03 1.000000000000000000e+00
6.359719438877755238e+03 1.000000000000000000e+00
6.360721442885771467e+03 1.000000000000000000e+00
6.361723446893787695e+03 1.000000000000000000e+00
6.362725450901803924e+03 1.000000000000000000e+00
6.363727454909819244e+03 1.000000000000000000e+00
6.364729458917835473e+03 1.000000000000000000e+00
6.365731462925851702e+03 1.000000000000000000e+00
6.366733466933867930e+03 1.000000000000000000e+00
6.367735470941883250e+03 1.000000000000000000e+00
6.368737474949899479e+03 1.000000000000000000e+00
6.369739478957915708e+03 1.000000000000000000e+00
6.370741482965931937e+03 1.000000000000000000e+00
6.371743486973948166e+03 1.000000000000000000e+00
6.372745490981963485e+03 1.000000000000000000e+00
6.373747494989979714e+03 1.000000000000000000e+00
6.374749498997995943e+03 1.000000000000000000e+00
6.375751503006012172e+03 1.000000000000000000e+00
6.376753507014028401e+03 1.000000000000000000e+00
6.377755511022043720e+03 1.000000000000000000e+00
6.378757515030059949e+03 1.000000000000000000e+00
6.379759519038076178e+03 1.000000000000000000e+00
6.380761523046092407e+03 1.000000000000000000e+00
6.381763527054108636e+03 1.000000000000000000e+00
6.382765531062123955e+03 1.000000000000000000e+00
6.383767535070140184e+03 1.000000000000000000e+00
6.384769539078156413e+03 1.000000000000000000e+00
6.385771543086172642e+03 1.000000000000000000e+00
6.386773547094187961e+03 1.000000000000000000e+00
6.387775551102204190e+03 1.000000000000000000e+00
6.388777555110220419e+03 1.000000000000000000e+00
6.389779559118236648e+03 1.000000000000000000e+00
6.390781563126252877e+03 1.000000000000000000e+00
6.391783567134268196e+03 1.000000000000000000e+00
6.392785571142284425e+03 1.000000000000000000e+00
6.393787575150300654e+03 1.000000000000000000e+00
6.394789579158316883e+03 1.000000000000000000e+00
6.395791583166332202e+03 1.000000000000000000e+00
6.396793587174348431e+03 1.000000000000000000e+00
6.397795591182364660e+03 1.000000000000000000e+00
6.398797595190380889e+03 1.000000000000000000e+00
6.399799599198397118e+03 1.000000000000000000e+00
6.400801603206412437e+03 1.000000000000000000e+00
6.401803607214428666e+03 1.000000000000000000e+00
6.402805611222444895e+03 1.000000000000000000e+00
6.403807615230461124e+03 1.000000000000000000e+00
6.404809619238476444e+03 1.000000000000000000e+00
6.405811623246492672e+03 1.000000000000000000e+00
6.406813627254508901e+03 1.000000000000000000e+00
6.407815631262525130e+03 1.000000000000000000e+00
6.408817635270541359e+03 1.000000000000000000e+00
6.409819639278556679e+03 1.000000000000000000e+00
6.410821643286572908e+03 1.000000000000000000e+00
6.411823647294589136e+03 1.000000000000000000e+00
6.412825651302605365e+03 1.000000000000000000e+00
6.413827655310621594e+03 1.000000000000000000e+00
6.414829659318636914e+03 1.000000000000000000e+00
6.415831663326653143e+03 1.000000000000000000e+00
6.416833667334669371e+03 1.000000000000000000e+00
6.417835671342685600e+03 1.000000000000000000e+00
6.418837675350701829e+03 1.000000000000000000e+00
6.419839679358717149e+03 1.000000000000000000e+00
6.420841683366733378e+03 1.000000000000000000e+00
6.421843687374749607e+03 1.000000000000000000e+00
6.422845691382765835e+03 1.000000000000000000e+00
6.423847695390781155e+03 1.000000000000000000e+00
6.424849699398797384e+03 1.000000000000000000e+00
6.425851703406813613e+03 1.000000000000000000e+00
6.426853707414829842e+03 1.000000000000000000e+00
6.427855711422846070e+03 1.000000000000000000e+00
6.428857715430861390e+03 1.000000000000000000e+00
6.429859719438877619e+03 1.000000000000000000e+00
6.430861723446893848e+03 1.000000000000000000e+00
6.431863727454910077e+03 1.000000000000000000e+00
6.432865731462925396e+03 1.000000000000000000e+00
6.433867735470941625e+03 1.000000000000000000e+00
6.434869739478957854e+03 1.000000000000000000e+00
6.435871743486974083e+03 1.000000000000000000e+00
6.436873747494990312e+03 1.000000000000000000e+00
6.437875751503005631e+03 1.000000000000000000e+00
6.438877755511021860e+03 1.000000000000000000e+00
6.439879759519038089e+03 1.000000000000000000e+00
6.440881763527054318e+03 1.000000000000000000e+00
6.441883767535069637e+03 1.000000000000000000e+00
6.442885771543085866e+03 1.000000000000000000e+00
6.443887775551102095e+03 1.000000000000000000e+00
6.444889779559118324e+03 1.000000000000000000e+00
6.445891783567134553e+03 1.000000000000000000e+00
6.446893787575149872e+03 1.000000000000000000e+00
6.447895791583166101e+03 1.000000000000000000e+00
6.448897795591182330e+03 1.000000000000000000e+00
6.449899799599198559e+03 1.000000000000000000e+00
6.450901803607214788e+03 1.000000000000000000e+00
6.451903807615230107e+03 1.000000000000000000e+00
6.452905811623246336e+03 1.000000000000000000e+00
6.453907815631262565e+03 1.000000000000000000e+00
6.454909819639278794e+03 1.000000000000000000e+00
6.455911823647294113e+03 1.000000000000000000e+00
6.456913827655310342e+03 1.000000000000000000e+00
6.457915831663326571e+03 1.000000000000000000e+00
6.458917835671342800e+03 1.000000000000000000e+00
6.459919839679359029e+03 1.000000000000000000e+00
6.460921843687374349e+03 1.000000000000000000e+00
6.461923847695390577e+03 1.000000000000000000e+00
6.462925851703406806e+03 1.000000000000000000e+00
6.463927855711423035e+03 1.000000000000000000e+00
6.464929859719439264e+03 1.000000000000000000e+00
6.465931863727454584e+03 1.000000000000000000e+00
6.466933867735470812e+03 1.000000000000000000e+00
6.467935871743487041e+03 1.000000000000000000e+00
6.468937875751503270e+03 1.000000000000000000e+00
6.469939879759518590e+03 1.000000000000000000e+00
6.470941883767534819e+03 1.000000000000000000e+00
6.471943887775551048e+03 1.000000000000000000e+00
6.472945891783567276e+03 1.000000000000000000e+00
6.473947895791583505e+03 1.000000000000000000e+00
6.474949899799598825e+03 1.000000000000000000e+00
6.475951903807615054e+03 1.000000000000000000e+00
6.476953907815631283e+03 1.000000000000000000e+00
6.477955911823647511e+03 1.000000000000000000e+00
6.478957915831662831e+03 1.000000000000000000e+00
6.479959919839679060e+03 1.000000000000000000e+00
6.480961923847695289e+03 1.000000000000000000e+00
6.481963927855711518e+03 1.000000000000000000e+00
6.482965931863727747e+03 1.000000000000000000e+00
6.483967935871743066e+03 1.000000000000000000e+00
6.484969939879759295e+03 1.000000000000000000e+00
6.485971943887775524e+03 1.000000000000000000e+00
6.486973947895791753e+03 1.000000000000000000e+00
6.487975951903807982e+03 1.000000000000000000e+00
6.488977955911823301e+03 1.000000000000000000e+00
6.489979959919839530e+03 1.000000000000000000e+00
6.490981963927855759e+03 1.000000000000000000e+00
6.491983967935871988e+03 1.000000000000000000e+00
6.492985971943887307e+03 1.000000000000000000e+00
6.493987975951903536e+03 1.000000000000000000e+00
6.494989979959919765e+03 1.000000000000000000e+00
6.495991983967935994e+03 1.000000000000000000e+00
6.496993987975952223e+03 1.000000000000000000e+00
6.497995991983967542e+03 1.000000000000000000e+00
6.498997995991983771e+03 1.000000000000000000e+00
6.500000000000000000e+03 1.000000000000000000e+00
6.501000000000000000e+03 0.000000000000000000e+00
6.502000000000000000e+03 0.000000000000000000e+00
6.503000000000000000e+03 0.000000000000000000e+00
6.504000000000000000e+03 0.000000000000000000e+00
6.505000000000000000e+03 0.000000000000000000e+00
6.506000000000000000e+03 0.000000000000000000e+00
6.507000000000000000e+03 0.000000000000000000e+00
6.508000000000000000e+03 0.000000000000000000e+00
6.509000000000000000e+03 0.000000000000000000e+00
6.510000000000000000e+03 0.000000000000000000e+00
6.511000000000000000e+03 0.000000000000000000e+00
6.512000000000000000e+03 0.000000000000000000e+00
6.513000000000000000e+03 0.000000000000000000e+00
6.514000000000000000e+03 0.000000000000000000e+00
6.515000000000000000e+03 0.000000000000000000e+00
6.516000000000000000e+03 0.000000000000000000e+00
6.517000000000000000e+03 0.000000000000000000e+00
6.518000000000000000e+03 0.000000000000000000e+00
6.519000000000000000e+03 0.000000000000000000e+00
6.520000000000000000e+03 0.000000000000000000e+00
6.521000000000000000e+03 0.000000000000000000e+00
6.522000000000000000e+03 0.000000000000000000e+00
6.523000000000000000e+03 0.000000000000000000e+00
6.524000000000000000e+03 0.000000000000000000e+00
6.525000000000000000e+03 0.000000000000000000e+00
6.526000000000000000e+03 0.000000000000000000e+00
6.527000000000000000e+03 0.000000000000000000e+00
6.528000000000000000e+03 0.000000000000000000e+00
6.529000000000000000e+03 0.000000000000000000e+00
6.530000000000000000e+03 0.000000000000000000e+00
6.531000000000000000e+03 0.000000000000000000e+00
6.532000000000000000e+03 0.000000000000000000e+00
6.533000000000000000e+03 0.000000000000000000e+00
6.534000000000000000e+03 0.000000000000000000e+00
6.535000000000000000e+03 0.000000000000000000e+00
6.536000000000000000e+03 0.000000000000000000e+00
6.537000000000000000e+03 0.000000000000000000e+00
6.538000000000000000e+03 0.000000000000000000e+00
6.539000000000000000e+03 0.000000000000000000e+00
6.540000000000000000e+03 0.000000000000000000e+00
6.541000000000000000e+03 0.000000000000000000e+00
6.542000000000000000e+03 0.000000000000000000e+00
6.543000000000000000e+03 0.000000000000000000e+00
6.544000000000000000e+03 0.000000000000000000e+00
6.545000000000000000e+03 0.000000000000000000e+00
6.546000000000000000e+03 0.000000000000000000e+00
6.547000000000000000e+03 0.000000000000000000e+00
6.548000000000000000e+03 0.000000000000000000e+00
6.549000000000000000e+03 0.000000000000000000e+00
6.550000000000000000e+03 0.000000000000000000e+00
6.551000000000000000e+03 0.000000000000000000e+00
6.552000000000000000e+03 0.000000000000000000e+00
6.553000000000000000e+03 0.000000000000000000e+00
6.554000000000000000e+03 0.000000000000000000e+00
6.555000000000000000e+03 0.000000000000000000e+00
6.556000000000000000e+03 0.000000000000000000e+00
6.557000000000000000e+03 0.000000000000000000e+00
6.558000000000000000e+03 0.000000000000000000e+00
6.559000000000000000e+03 0.000000000000000000e+00
6.560000000000000000e+03 0.000000000000000000e+00
6.561000000000000000e+03 0.000000000000000000e+00
6.562000000000000000e+03 0.000000000000000000e+00
6.563000000000000000e+03 0.000000000000000000e+00
6.564000000000000000e+03 0.000000000000000000e+00
6.565000000000000000e+03 0.000000000000000000e+00
6.566000000000000000e+03 0.000000000000000000e+00
6.567000000000000000e+03 0.000000000000000000e+00
6.568000000000000000e+03 0.000000000000000000e+00
6.569000000000000000e+03 0.000000000000000000e+00
6.570000000000000000e+03 0.000000000000000000e+00
6.571000000000000000e+03 0.000000000000000000e+00
6.572000000000000000e+03 0.000000000000000000e+00
6.573000000000000000e+03 0.000000000000000000e+00
6.574000000000000000e+03 0.000000000000000000e+00
6.575000000000000000e+03 0.000000000000000000e+00
6.576000000000000000e+03 0.000000000000000000e+00
6.577000000000000000e+03 0.000000000000000000e+00
6.578000000000000000e+03 0.000000000000000000e+00
6.579000000000000000e+03 0.000000000000000000e+00
6.580000000000000000e+03 0.000000000000000000e+00
6.581000000000000000e+03 0.000000000000000000e+00
6.582000000000000000e+03 0.000000000000000000e+00
6.583000000000000000e+03 0.000000000000000000e+00
6.584000000000000000e+03 0.000000000000000000e+00
6.585000000000000000e+03 0.000000000000000000e+00
6.586000000000000000e+03 0.000000000000000000e+00
6.587000000000000000e+03 0.000000000000000000e+00
6.588000000000000000e+03 0.000000000000000000e+00
6.589000000000000000e+03 0.000000000000000000e+00
6.590000000000000000e+03 0.000000000000000000e+00
6.591000000000000000e+03 0.000000000000000000e+00
6.592000000000000000e+03 0.000000000000000000e+00
6.593000000000000000e+03 0.000000000000000000e+00
6.594000000000000000e+03 0.000000000000000000e+00
6.595000000000000000e+03 0.000000000000000000e+00
6.596000000000000000e+03 0.000000000000000000e+00
6.597000000000000000e+03 0.000000000000000000e+00
6.598000000000000000e+03 0.000000000000000000e+00
6.599000000000000000e+03 0.000000000000000000e+00
6.600000000000000000e+03 0.000000000000000000e+00
