7.900000000000000000e+03 0.000000000000000000e+00
7.901000000000000000e+03 0.000000000000000000e+00
7.902000000000000000e+03 0.000000000000000000e+00
7.903000000000000000e+03 0.000000000000000000e+00
7.904000000000000000e+03 0.000000000000000000e+00
7.905000000000000000e+03 0.000000000000000000e+00
7.906000000000000000e+03 0.000000000000000000e+00
7.907000000000000000e+03 0.000000000000000000e+00
7.908000000000000000e+03 0.000000000000000000e+00
7.909000000000000000e+03 0.000000000000000000e+00
7.910000000000000000e+03 0.000000000000000000e+00
7.911000000000000000e+03 0.000000000000000000e+00
7.912000000000000000e+03 0.000000000000000000e+00
7.913000000000000000e+03 0.000000000000000000e+00
7.914000000000000000e+03 0.000000000000000000e+00
7.915000000000000000e+03 0.000000000000000000e+00
7.916000000000000000e+03 0.000000000000000000e+00
7.917000000000000000e+03 0.000000000000000000e+00
7.918000000000000000e+03 0.000000000000000000e+00
7.919000000000000000e+03 0.000000000000000000e+00
7.920000000000000000e+03 0.000000000000000000e+00
7.921000000000000000e+03 0.000000000000000000e+00
7.922000000000000000e+03 0.000000000000000000e+00
7.923000000000000000e+03 0.000000000000000000e+00
7.924000000000000000e+03 0.000000000000000000e+00
7.925000000000000000e+03 0.000000000000000000e+00
7.926000000000000000e+03 0.000000000000000000e+00
7.927000000000000000e+03 0.000000000000000000e+00
7.928000000000000000e+03 0.000000000000000000e+00
7.929000000000000000e+03 0.000000000000000000e+00
7.930000000000000000e+03 0.000000000000000000e+00
7.931000000000000000e+03 0.000000000000000000e+00
7.932000000000000000e+03 0.000000000000000000e+00
7.933000000000000000e+03 0.000000000000000000e+00
7.934000000000000000e+03 0.000000000000000000e+00
7.935000000000000000e+03 0.000000000000000000e+00
7.936000000000000000e+03 0.000000000000000000e+00
7.937000000000000000e+03 0.000000000000000000e+00
7.938000000000000000e+03 0.000000000000000000e+00
7.939000000000000000e+03 0.000000000000000000e+00
7.940000000000000000e+03 0.000000000000000000e+00
7.941000000000000000e+03 0.000000000000000000e+00
7.942000000000000000e+03 0.000000000000000000e+00
7.943000000000000000e+03 0.000000000000000000e+00
7.944000000000000000e+03 0.000000000000000000e+00
7.945000000000000000e+03 0.000000000000000000e+00
7.946000000000000000e+03 0.000000000000000000e+00
7.947000000000000000e+03 0.000000000000000000e+00
7.948000000000000000e+03 0.000000000000000000e+00
7.949000000000000000e+03 0.000000000000000000e+00
7.950000000000000000e+03 0.000000000000000000e+00
7.951000000000000000e+03 0.000000000000000000e+00
7.952000000000000000e+03 0.000000000000000000e+00
7.953000000000000000e+03 0.000000000000000000e+00
7.954000000000000000e+03 0.000000000000000000e+00
7.955000000000000000e+03 0.000000000000000000e+00
7.956000000000000000e+03 0.000000000000000000e+00
7.957000000000000000e+03 0.000000000000000000e+00
7.958000000000000000e+03 0.000000000000000000e+00
7.959000000000000000e+03 0.000000000000000000e+00
7.960000000000000000e+03 0.000000000000000000e+00
7.961000000000000000e+03 0.000000000000000000e+00
7.962000000000000000e+03 0.000000000000000000e+00
7.963000000000000000e+03 0.000000000000000000e+00
7.964000000000000000e+03 0.000000000000000000e+00
7.965000000000000000e+03 0.000000000000000000e+00
7.966000000000000000e+03 0.000000000000000000e+00
7.967000000000000000e+03 0.000000000000000000e+00
7.968000000000000000e+03 0.000000000000000000e+00
7.969000000000000000e+03 0.000000000000000000e+00
7.970000000000000000e+03 0.000000000000000000e+00
7.971000000000000000e+03 0.000000000000000000e+00
7.972000000000000000e+03 0.000000000000000000e+00
7.973000000000000000e+03 0.000000000000000000e+00
7.974000000000000000e+03 0.000000000000000000e+00
7.975000000000000000e+03 0.000000000000000000e+00
7.976000000000000000e+03 0.000000000000000000e+00
7.977000000000000000e+03 0.000000000000000000e+00
7.978000000000000000e+03 0.000000000000000000e+00
7.979000000000000000e+03 0.000000000000000000e+00
7.980000000000000000e+03 0.000000000000000000e+00
7.981000000000000000e+03 0.000000000000000000e+00
7.982000000000000000e+03 0.000000000000000000e+00
7.983000000000000000e+03 0.000000000000000000e+00
7.984000000000000000e+03 0.000000000000000000e+00
7.985000000000000000e+03 0.000000000000000000e+00
7.986000000000000000e+03 0.000000000000000000e+00
7.987000000000000000e+03 0.000000000000000000e+00
7.988000000000000000e+03 0.000000000000000000e+00
7.989000000000000000e+03 0.000000000000000000e+00
7.990000000000000000e+03 0.000000000000000000e+00
7.991000000000000000e+03 0.000000000000000000e+00
7.992000000000000000e+03 0.000000000000000000e+00
7.993000000000000000e+03 0.000000000000000000e+00
7.994000000000000000e+03 0.000000000000000000e+00
7.995000000000000000e+03 0.000000000000000000e+00
7.996000000000000000e+03 0.000000000000000000e+00
7.997000000000000000e+03 0.000000000000000000e+00
7.998000000000000000e+03 0.000000000000000000e+00
7.999000000000000000e+03 0.000000000000000000e+00
8.000000000000000000e+03 1.000000000000000000e+00
8.001002004008016229e+03 1.000000000000000000e+00
8.002004008016032458e+03 1.000000000000000000e+00
8.003006012024047777e+03 1.000000000000000000e+00
8.004008016032064006e+03 1.000000000000000000e+00
8.005010020040080235e+03 1.000000000000000000e+00
8.006012024048096464e+03 1.000000000000000000e+00
8.007014028056111783e+03 1.000000000000000000e+00
8.008016032064128012e+03 1.000000000000000000e+00
8.009018036072144241e+03 1.000000000000000000e+00
8.010020040080160470e+03 1.000000000000000000e+00
8.011022044088176699e+03 1.000000000000000000e+00
8.012024048096192018e+03 1.000000000000000000e+00
8.013026052104208247e+03 1.000000000000000000e+00
8.014028056112224476e+03 1.000000000000000000e+00
8.015030060120240705e+03 1.000000000000000000e+00
8.016032064128256934e+03 1.000000000000000000e+00
8.017034068136272253e+03 1.000000000000000000e+00
8.018036072144288482e+03 1.000000000000000000e+00
8.019038076152304711e+03 1.000000000000000000e+00
8.020040080160320940e+03 1.000000000000000000e+00
8.021042084168336260e+03 1.000000000000000000e+00
8.022044088176352489e+03 1.000000000000000000e+00
8.023046092184368717e+03 1.000000000000000000e+00
8.024048096192384946e+03 1.000000000000000000e+00
8.025050100200401175e+03 1.000000000000000000e+00
8.026052104208416495e+03 1.000000000000000000e+00
8.027054108216432724e+03 1.000000000000000000e+00
8.028056112224448952e+03 1.000000000000000000e+00
8.029058116232465181e+03 1.000000000000000000e+00
8.030060120240481410e+03 1.000000000000000000e+00
8.031062124248496730e+03 1.000000000000000000e+00
8.032064128256512959e+03 1.000000000000000000e+00
8.033066132264529188e+03 1.000000000000000000e+00
8.034068136272545416e+03 1.000000000000000000e+00
8.035070140280560736e+03 1.000000000000000000e+00
8.036072144288576965e+03 1.000000000000000000e+00
8.037074148296593194e+03 1.000000000000000000e+00
8.038076152304609423e+03 1.000000000000000000e+00
8.039078156312625651e+03 1.000000000000000000e+00
8.040080160320640971e+03 1.000000000000000000e+00
8.041082164328657200e+03 1.000000000000000000e+00
8.042084168336673429e+03 1.000000000000000000e+00
8.043086172344689658e+03 1.000000000000000000e+00
8.044088176352704977e+03 1.000000000000000000e+00
8.045090180360721206e+03 1.000000000000000000e+00
8.046092184368737435e+03 1.000000000000000000e+00
8.047094188376753664e+03 1.000000000000000000e+00
8.048096192384769893e+03 1.000000000000000000e+00
8.049098196392785212e+03 1.000000000000000000e+00
8.050100200400801441e+03 1.000000000000000000e+00
8.051102204408817670e+03 1.000000000000000000e+00
8.052104208416833899e+03 1.000000000000000000e+00
8.053106212424850128e+03 1.000000000000000000e+00
8.054108216432865447e+03 1.000000000000000000e+00
8.055110220440881676e+03 1.000000000000000000e+00
8.056112224448897905e+03 1.000000000000000000e+00
8.057114228456914134e+03 1.000000000000000000e+00
8.058116232464929453e+03 1.000000000000000000e+00
8.059118236472945682e+03 1.000000000000000000e+00
8.060120240480961911e+03 1.000000000000000000e+00
8.061122244488978140e+03 1.000000000000000000e+00
8.062124248496994369e+03 1.000000000000000000e+00
8.063126252505009688e+03 1.000000000000000000e+00
8.064128256513025917e+03 1.000000000000000000e+00
8.065130260521042146e+03 1.000000000000000000e+00
8.066132264529058375e+03 1.000000000000000000e+00
8.067134268537073694e+03 1.000000000000000000e+00
8.068136272545089923e+03 1.000000000000000000e+00
8.069138276553106152e+03 1.000000000000000000e+00
8.070140280561122381e+03 1.000000000000000000e+00
8.071142284569138610e+03 1.000000000000000000e+00
8.072144288577153930e+03 1.000000000000000000e+00
8.073146292585170158e+03 1.000000000000000000e+00
8.074148296593186387e+03 1.000000000000000000e+00
8.075150300601202616e+03 1.000000000000000000e+00
8.076152304609218845e+03 1.000000000000000000e+00
8.077154308617234165e+03 1.000000000000000000e+00
8.078156312625250393e+03 1.000000000000000000e+00
8.079158316633266622e+03 1.000000000000000000e+00
8.080160320641282851e+03 1.000000000000000000e+00
8.081162324649298171e+03 1.000000000000000000e+00
8.082164328657314400e+03 1.000000000000000000e+00
8.083166332665330629e+03 1.000000000000000000e+00
8.084168336673346857e+03 1.000000000000000000e+00
8.085170340681363086e+03 1.000000000000000000e+00
8.086172344689378406e+03 1.000000000000000000e+00
8.087174348697394635e+03 1.000000000000000000e+00
8.088176352705410864e+03 1.000000000000000000e+00
8.089178356713427092e+03 1.000000000000000000e+00
8.090180360721443321e+03 1.000000000000000000e+00
8.091182364729458641e+03 1.000000000000000000e+00
8.092184368737474870e+03 1.000000000000000000e+00
8.093186372745491099e+03 1.000000000000000000e+00
8.094188376753507328e+03 1.000000000000000000e+00
8.095190380761522647e+03 1.000000000000000000e+00
8.096192384769538876e+03 1.000000000000000000e+00
8.097194388777555105e+03 1.000000000000000000e+00
8.098196392785571334e+03 1.000000000000000000e+00
8.099198396793587563e+03 1.000000000000000000e+00
8.100200400801602882e+03 1.000000000000000000e+00
8.101202404809619111e+03 1.000000000000000000e+00
8.102204408817635340e+03 1.000000000000000000e+00
8.103206412825651569e+03 1.000000000000000000e+00
8.104208416833666888e+03 1.000000000000000000e+00
8.105210420841683117e+03 1.000000000000000000e+00
8.106212424849699346e+03 1.000000000000000000e+00
8.107214428857715575e+03 1.000000000000000000e+00
8.108216432865731804e+03 1.000000000000000000e+00
8.109218436873747123e+03 1.000000000000000000e+00
8.110220440881763352e+03 1.000000000000000000e+00
8.111222444889779581e+03 1.000000000000000000e+00
8.112224448897795810e+03 1.000000000000000000e+00
8.113226452905812039e+03 1.000000000000000000e+00
8.114228456913827358e+03 1.000000000000000000e+00
8.115230460921843587e+03 1.000000000000000000e+00
8.116232464929859816e+03 1.000000000000000000e+00
8.117234468937876045e+03 1.000000000000000000e+00
8.118236472945891364e+03 1.000000000000000000e+00
8.119238476953907593e+03 1.000000000000000000e+00
8.120240480961923822e+03 1.000000000000000000e+00
8.121242484969940051e+03 1.000000000000000000e+00
8.122244488977956280e+03 1.000000000000000000e+00
8.123246492985971599e+03 1.000000000000000000e+00
8.124248496993987828e+03 1.000000000000000000e+00
8.125250501002004057e+03 1.000000000000000000e+00
8.126252505010020286e+03 1.000000000000000000e+00
8.127254509018035606e+03 1.000000000000000000e+00
8.128256513026051834e+03 1.000000000000000000e+00
8.129258517034068063e+03 1.000000000000000000e+00
8.130260521042084292e+03 1.000000000000000000e+00
8.131262525050100521e+03 1.000000000000000000e+00
8.132264529058115841e+03 1.000000000000000000e+00
8.133266533066132070e+03 1.000000000000000000e+00
8.134268537074148298e+03 1.000000000000000000e+00
8.135270541082164527e+03 1.000000000000000000e+00
8.136272545090180756e+03 1.000000000000000000e+00
8.137274549098196076e+03 1.000000000000000000e+00
8.138276553106212305e+03 1.000000000000000000e+00
8.139278557114228533e+03 1.000000000000000000e+00
8.140280561122244762e+03 1.000000000000000000e+00
8.141282565130260082e+03 1.000000000000000000e+00
8.142284569138276311e+03 1.000000000000000000e+00
8.143286573146292540e+03 1.000000000000000000e+00
8.144288577154308769e+03 1.000000000000000000e+00
8.145290581162324997e+03 1.000000000000000000e+00
8.146292585170340317e+03 1.000000000000000000e+00
8.147294589178356546e+03 1.000000000000000000e+00
8.148296593186372775e+03 1.000000000000000000e+00
8.149298597194389004e+03 1.000000000000000000e+00
8.150300601202405232e+03 1.000000000000000000e+00
8.151302605210420552e+03 1.000000000000000000e+00
8.152304609218436781e+03 1.000000000000000000e+00
8.153306613226453010e+03 1.000000000000000000e+00
8.154308617234469239e+03 1.000000000000000000e+00
8.155310621242484558e+03 1.000000000000000000e+00
8.156312625250500787e+03 1.000000000000000000e+00
8.157314629258517016e+03 1.000000000000000000e+00
8.158316633266533245e+03 1.000000000000000000e+00
8.159318637274549474e+03 1.000000000000000000e+00
8.160320641282564793e+03 1.000000000000000000e+00
8.161322645290581022e+03 1.000000000000000000e+00
8.162324649298597251e+03 1.000000000000000000e+00
8.163326653306613480e+03 1.000000000000000000e+00
8.164328657314628799e+03 1.000000000000000000e+00
8.165330661322645028e+03 1.000000000000000000e+00
8.166332665330661257e+03 1.000000000000000000e+00
8.167334669338677486e+03 1.000000000000000000e+00
8.168336673346693715e+03 1.000000000000000000e+00
8.169338677354709034e+03 1.000000000000000000e+00
8.170340681362725263e+03 1.000000000000000000e+00
8.171342685370741492e+03 1.000000000000000000e+00
8.172344689378757721e+03 1.000000000000000000e+00
8.173346693386773950e+03 1.000000000000000000e+00
8.174348697394789269e+03 1.000000000000000000e+00
8.175350701402805498e+03 1.000000000000000000e+00
8.176352705410821727e+03 1.000000000000000000e+00
8.177354709418837956e+03 1.000000000000000000e+00
8.178356713426853275e+03 1.000000000000000000e+00
8.179358717434869504e+03 1.000000000000000000e+00
8.180360721442885733e+03 1.000000000000000000e+00
8.181362725450901962e+03 1.000000000000000000e+00
8.182364729458918191e+03 1.000000000000000000e+00
8.183366733466933510e+03 1.000000000000000000e+00
8.184368737474949739e+03 1.000000000000000000e+00
8.185370741482965968e+03 1.000000000000000000e+00
8.186372745490982197e+03 1.000000000000000000e+00
8.187374749498998426e+03 1.000000000000000000e+00
8.188376753507013746e+03 1.000000000000000000e+00
8.189378757515029974e+03 1.000000000000000000e+00
8.190380761523046203e+03 1.000000000000000000e+00
8.191382765531062432e+03 1.000000000000000000e+00
8.192384769539077752e+03 1.000000000000000000e+00
8.193386773547093981e+03 1.000000000000000000e+00
8.194388777555110210e+03 1.000000000000000000e+00
8.195390781563126438e+03 1.000000000000000000e+00
8.196392785571142667e+03 1.000000000000000000e+00
8.197394789579158896e+03 1.000000000000000000e+00
8.198396793587175125e+03 1.000000000000000000e+00
8.199398797595189535e+03 1.000000000000000000e+00
8.200400801603205764e+03 1.000000000000000000e+00
8.201402805611221993e+03 1.000000000000000000e+00
8.202404809619238222e+03 1.000000000000000000e+00
8.203406813627254451e+03 1.000000000000000000e+00
8.204408817635270680e+03 1.000000000000000000e+00
8.205410821643286909e+03 1.000000000000000000e+00
8.206412825651303137e+03 1.000000000000000000e+00
8.207414829659319366e+03 1.000000000000000000e+00
8.208416833667333776e+03 1.000000000000000000e+00
8.209418837675350005e+03 1.000000000000000000e+00
8.210420841683366234e+03 1.000000000000000000e+00
8.211422845691382463e+03 1.000000000000000000e+00
8.212424849699398692e+03 1.000000000000000000e+00
8.213426853707414921e+03 1.000000000000000000e+00
8.214428857715431150e+03 1.000000000000000000e+00
8.215430861723447379e+03 1.000000000000000000e+00
8.216432865731463608e+03 1.000000000000000000e+00
8.217434869739478017e+03 1.000000000000000000e+00
8.218436873747494246e+03 1.000000000000000000e+00
8.219438877755510475e+03 1.000000000000000000e+00
8.220440881763526704e+03 1.000000000000000000e+00
8.221442885771542933e+03 1.000000000000000000e+00
8.222444889779559162e+03 1.000000000000000000e+00
8.223446893787575391e+03 1.000000000000000000e+00
8.224448897795591620e+03 1.000000000000000000e+00
8.225450901803607849e+03 1.000000000000000000e+00
8.226452905811624078e+03 1.000000000000000000e+00
8.227454909819638488e+03 1.000000000000000000e+00
8.228456913827654716e+03 1.000000000000000000e+00
8.229458917835670945e+03 1.000000000000000000e+00
8.230460921843687174e+03 1.000000000000000000e+00
8.231462925851703403e+03 1.000000000000000000e+00
8.232464929859719632e+03 1.000000000000000000e+00
8.233466933867735861e+03 1.000000000000000000e+00
8.234468937875752090e+03 1.000000000000000000e+00
8.235470941883768319e+03 1.000000000000000000e+00
8.236472945891782729e+03 1.000000000000000000e+00
8.237474949899798958e+03 1.000000000000000000e+00
8.238476953907815187e+03 1.000000000000000000e+00
8.239478957915831415e+03 1.000000000000000000e+00
8.240480961923847644e+03 1.000000000000000000e+00
8.241482965931863873e+03 1.000000000000000000e+00
8.242484969939880102e+03 1.000000000000000000e+00
8.243486973947896331e+03 1.000000000000000000e+00
8.244488977955912560e+03 1.000000000000000000e+00
8.245490981963926970e+03 1.000000000000000000e+00
8.246492985971943199e+03 1.000000000000000000e+00
8.247494989979959428e+03 1.000000000000000000e+00
8.248496993987975657e+03 1.000000000000000000e+00
8.249498997995991886e+03 1.000000000000000000e+00
8.250501002004008114e+03 1.000000000000000000e+00
8.251503006012024343e+03 1.000000000000000000e+00
8.252505010020040572e+03 1.000000000000000000e+00
8.253507014028056801e+03 1.000000000000000000e+00
8.254509018036071211e+03 1.000000000000000000e+00
8.255511022044087440e+03 1.000000000000000000e+00
8.256513026052103669e+03 1.000000000000000000e+00
8.257515030060119898e+03 1.000000000000000000e+00
8.258517034068136127e+03 1.000000000000000000e+00
8.259519038076152356e+03 1.000000000000000000e+00
8.260521042084168585e+03 1.000000000000000000e+00
8.261523046092184813e+03 1.000000000000000000e+00
8.262525050100201042e+03 1.000000000000000000e+00
8.263527054108217271e+03 1.000000000000000000e+00
8.264529058116231681e+03 1.000000000000000000e+00
8.265531062124247910e+03 1.000000000000000000e+00
8.266533066132264139e+03 1.000000000000000000e+00
8.267535070140280368e+03 1.000000000000000000e+00
8.268537074148296597e+03 1.000000000000000000e+00
8.269539078156312826e+03 1.000000000000000000e+00
8.270541082164329055e+03 1.000000000000000000e+00
8.271543086172345284e+03 1.000000000000000000e+00
8.272545090180361512e+03 1.000000000000000000e+00
8.273547094188375922e+03 1.000000000000000000e+00
8.274549098196392151e+03 1.000000000000000000e+00
8.275551102204408380e+03 1.000000000000000000e+00
8.276553106212424609e+03 1.000000000000000000e+00
8.277555110220440838e+03 1.000000000000000000e+00
8.278557114228457067e+03 1.000000000000000000e+00
8.279559118236473296e+03 1.000000000000000000e+00
8.280561122244489525e+03 1.000000000000000000e+00
8.281563126252505754e+03 1.000000000000000000e+00
8.282565130260520164e+03 1.000000000000000000e+00
8.283567134268536392e+03 1.000000000000000000e+00
8.284569138276552621e+03 1.000000000000000000e+00
8.285571142284568850e+03 1.000000000000000000e+00
8.286573146292585079e+03 1.000000000000000000e+00
8.287575150300601308e+03 1.000000000000000000e+00
8.288577154308617537e+03 1.000000000000000000e+00
8.289579158316633766e+03 1.000000000000000000e+00
8.290581162324649995e+03 1.000000000000000000e+00
8.291583166332664405e+03 1.000000000000000000e+00
8.292585170340680634e+03 1.000000000000000000e+00
8.293587174348696863e+03 1.000000000000000000e+00
8.294589178356713091e+03 1.000000000000000000e+00
8.295591182364729320e+03 1.000000000000000000e+00
8.296593186372745549e+03 1.000000000000000000e+00
8.297595190380761778e+03 1.000000000000000000e+00
8.298597194388778007e+03 1.000000000000000000e+00
8.299599198396794236e+03 1.000000000000000000e+00
8.300601202404810465e+03 1.000000000000000000e+00
8.301603206412824875e+03 1.000000000000000000e+00
8.302605210420841104e+03 1.000000000000000000e+00
8.303607214428857333e+03 1.000000000000000000e+00
8.304609218436873562e+03 1.000000000000000000e+00
8.305611222444889790e+03 1.000000000000000000e+00
8.306613226452906019e+03 1.000000000000000000e+00
8.307615230460922248e+03 1.000000000000000000e+00
8.308617234468938477e+03 1.000000000000000000e+00
8.309619238476954706e+03 1.000000000000000000e+00
8.310621242484969116e+03 1.000000000000000000e+00
8.311623246492985345e+03 1.000000000000000000e+00
8.312625250501001574e+03 1.000000000000000000e+00
8.313627254509017803e+03 1.000000000000000000e+00
8.314629258517034032e+03 1.000000000000000000e+00
8.315631262525050261e+03 1.000000000000000000e+00
8.316633266533066490e+03 1.000000000000000000e+00
8.317635270541082718e+03 1.000000000000000000e+00
8.318637274549098947e+03 1.000000000000000000e+00
8.319639278557113357e+03 1.000000000000000000e+00
8.320641282565129586e+03 1.000000000000000000e+00
8.321643286573145815e+03 1.000000000000000000e+00
8.322645290581162044e+03 1.000000000000000000e+00
8.323647294589178273e+03 1.000000000000000000e+00
8.324649298597194502e+03 1.000000000000000000e+00
8.325651302605210731e+03 1.000000000000000000e+00
8.326653306613226960e+03 1.000000000000000000e+00
8.327655310621243189e+03 1.000000000000000000e+00
8.328657314629257598e+03 1.000000000000000000e+00
8.329659318637273827e+03 1.000000000000000000e+00
8.330661322645290056e+03 1.000000000000000000e+00
8.331663326653306285e+03 1.000000000000000000e+00
8.332665330661322514e+03 1.000000000000000000e+00
8.333667334669338743e+03 1.000000000000000000e+00
8.334669338677354972e+03 1.000000000000000000e+00
8.335671342685371201e+03 1.000000000000000000e+00
8.336673346693387430e+03 1.000000000000000000e+00
8.337675350701403659e+03 1.000000000000000000e+00
8.338677354709418069e+03 1.000000000000000000e+00
8.339679358717434297e+03 1.000000000000000000e+00
8.340681362725450526e+03 1.000000000000000000e+00
8.341683366733466755e+03 1.000000000000000000e+00
8.342685370741482984e+03 1.000000000000000000e+00
8.343687374749499213e+03 1.000000000000000000e+00
8.344689378757515442e+03 1.000000000000000000e+00
8.345691382765531671e+03 1.000000000000000000e+00
8.346693386773547900e+03 1.000000000000000000e+00
8.347695390781562310e+03 1.000000000000000000e+00
8.348697394789578539e+03 1.000000000000000000e+00
8.349699398797594768e+03 1.000000000000000000e+00
8.350701402805610996e+03 1.000000000000000000e+00
8.351703406813627225e+03 1.000000000000000000e+00
8.352705410821643454e+03 1.000000000000000000e+00
8.353707414829659683e+03 1.000000000000000000e+00
8.354709418837675912e+03 1.000000000000000000e+00
8.355711422845692141e+03 1.000000000000000000e+00
8.356713426853706551e+03 1.000000000000000000e+00
8.357715430861722780e+03 1.000000000000000000e+00
8.358717434869739009e+03 1.000000000000000000e+00
8.359719438877755238e+03 1.000000000000000000e+00
8.360721442885771467e+03 1.000000000000000000e+00
8.361723446893787695e+03 1.000000000000000000e+00
8.362725450901803924e+03 1.000000000000000000e+00
8.363727454909820153e+03 1.000000000000000000e+00
8.364729458917836382e+03 1.000000000000000000e+00
8.365731462925850792e+03 1.000000000000000000e+00
8.366733466933867021e+03 1.000000000000000000e+00
8.367735470941883250e+03 1.000000000000000000e+00
8.368737474949899479e+03 1.000000000000000000e+00
8.369739478957915708e+03 1.000000000000000000e+00
8.370741482965931937e+03 1.000000000000000000e+00
8.371743486973948166e+03 1.000000000000000000e+00
8.372745490981964394e+03 1.000000000000000000e+00
8.373747494989980623e+03 1.000000000000000000e+00
8.374749498997996852e+03 1.000000000000000000e+00
8.375751503006011262e+03 1.000000000000000000e+00
8.376753507014027491e+03 1.000000000000000000e+00
8.377755511022043720e+03 1.000000000000000000e+00
8.378757515030059949e+03 1.000000000000000000e+00
8.379759519038076178e+03 1.000000000000000000e+00
8.380761523046092407e+03 1.000000000000000000e+00
8.381763527054108636e+03 1.000000000000000000e+00
8.382765531062124865e+03 1.000000000000000000e+00
8.383767535070141093e+03 1.000000000000000000e+00
8.384769539078155503e+03 1.000000000000000000e+00
8.385771543086171732e+03 1.000000000000000000e+00
8.386773547094187961e+03 1.000000000000000000e+00
8.387775551102204190e+03 1.000000000000000000e+00
8.388777555110220419e+03 1.000000000000000000e+00
8.389779559118236648e+03 1.000000000000000000e+00
8.390781563126252877e+03 1.000000000000000000e+00
8.391783567134269106e+03 1.000000000000000000e+00
8.392785571142285335e+03 1.000000000000000000e+00
8.393787575150299745e+03 1.000000000000000000e+00
8.394789579158315973e+03 1.000000000000000000e+00
8.395791583166332202e+03 1.000000000000000000e+00
8.396793587174348431e+03 1.000000000000000000e+00
8.397795591182364660e+03 1.000000000000000000e+00
8.398797595190380889e+03 1.000000000000000000e+00
8.399799599198397118e+03 1.000000000000000000e+00
8.400801603206413347e+03 1.000000000000000000e+00
8.401803607214429576e+03 1.000000000000000000e+00
8.402805611222443986e+03 1.000000000000000000e+00
8.403807615230460215e+03 1.000000000000000000e+00
8.404809619238476444e+03 1.000000000000000000e+00
8.405811623246492672e+03 1.000000000000000000e+00
8.406813627254508901e+03 1.000000000000000000e+00
8.407815631262525130e+03 1.000000000000000000e+00
8.408817635270541359e+03 1.000000000000000000e+00
8.409819639278557588e+03 1.000000000000000000e+00
8.410821643286573817e+03 1.000000000000000000e+00
8.411823647294590046e+03 1.000000000000000000e+00
8.412825651302604456e+03 1.000000000000000000e+00
8.413827655310620685e+03 1.000000000000000000e+00
8.414829659318636914e+03 1.000000000000000000e+00
8.415831663326653143e+03 1.000000000000000000e+00
8.416833667334669371e+03 1.000000000000000000e+00
8.417835671342685600e+03 1.000000000000000000e+00
8.418837675350701829e+03 1.000000000000000000e+00
8.419839679358718058e+03 1.000000000000000000e+00
8.420841683366734287e+03 1.000000000000000000e+00
8.421843687374748697e+03 1.000000000000000000e+00
8.422845691382764926e+03 1.000000000000000000e+00
8.423847695390781155e+03 1.000000000000000000e+00
8.424849699398797384e+03 1.000000000000000000e+00
8.425851703406813613e+03 1.000000000000000000e+00
8.426853707414829842e+03 1.000000000000000000e+00
8.427855711422846070e+03 1.000000000000000000e+00
8.428857715430862299e+03 1.000000000000000000e+00
8.429859719438878528e+03 1.000000000000000000e+00
8.430861723446892938e+03 1.000000000000000000e+00
8.431863727454909167e+03 1.000000000000000000e+00
8.432865731462925396e+03 1.000000000000000000e+00
8.433867735470941625e+03 1.000000000000000000e+00
8.434869739478957854e+03 1.000000000000000000e+00
8.435871743486974083e+03 1.000000000000000000e+00
8.436873747494990312e+03 1.000000000000000000e+00
8.437875751503006541e+03 1.000000000000000000e+00
8.438877755511022769e+03 1.000000000000000000e+00
8.439879759519037179e+03 1.000000000000000000e+00
8.440881763527053408e+03 1.000000000000000000e+00
8.441883767535069637e+03 1.000000000000000000e+00
8.442885771543085866e+03 1.000000000000000000e+00
8.443887775551102095e+03 1.000000000000000000e+00
8.444889779559118324e+03 1.000000000000000000e+00
8.445891783567134553e+03 1.000000000000000000e+00
8.446893787575150782e+03 1.000000000000000000e+00
8.447895791583167011e+03 1.000000000000000000e+00
8.448897795591183240e+03 1.000000000000000000e+00
8.449899799599197650e+03 1.000000000000000000e+00
8.450901803607213878e+03 1.000000000000000000e+00
8.451903807615230107e+03 1.000000000000000000e+00
8.452905811623246336e+03 1.000000000000000000e+00
8.453907815631262565e+03 1.000000000000000000e+00
8.454909819639278794e+03 1.000000000000000000e+00
8.455911823647295023e+03 1.000000000000000000e+00
8.456913827655311252e+03 1.000000000000000000e+00
8.457915831663327481e+03 1.000000000000000000e+00
8.458917835671341891e+03 1.000000000000000000e+00
8.459919839679358120e+03 1.000000000000000000e+00
8.460921843687374349e+03 1.000000000000000000e+00
8.461923847695390577e+03 1.000000000000000000e+00
8.462925851703406806e+03 1.000000000000000000e+00
8.463927855711423035e+03 1.000000000000000000e+00
8.464929859719439264e+03 1.000000000000000000e+00
8.465931863727455493e+03 1.000000000000000000e+00
8.466933867735471722e+03 1.000000000000000000e+00
8.467935871743486132e+03 1.000000000000000000e+00
8.468937875751502361e+03 1.000000000000000000e+00
8.469939879759518590e+03 1.000000000000000000e+00
8.470941883767534819e+03 1.000000000000000000e+00
8.471943887775551048e+03 1.000000000000000000e+00
8.472945891783567276e+03 1.000000000000000000e+00
8.473947895791583505e+03 1.000000000000000000e+00
8.474949899799599734e+03 1.000000000000000000e+00
8.475951903807615963e+03 1.000000000000000000e+00
8.476953907815630373e+03 1.000000000000000000e+00
8.477955911823646602e+03 1.000000000000000000e+00
8.478957915831662831e+03 1.000000000000000000e+00
8.479959919839679060e+03 1.000000000000000000e+00
8.480961923847695289e+03 1.000000000000000000e+00
8.481963927855711518e+03 1.000000000000000000e+00
8.482965931863727747e+03 1.000000000000000000e+00
8.483967935871743975e+03 1.000000000000000000e+00
8.484969939879760204e+03 1.000000000000000000e+00
8.485971943887776433e+03 1.000000000000000000e+00
8.486973947895790843e+03 1.000000000000000000e+00
8.487975951903807072e+03 1.000000000000000000e+00
8.488977955911823301e+03 1.000000000000000000e+00
8.489979959919839530e+03 1.000000000000000000e+00
8.490981963927855759e+03 1.000000000000000000e+00
8.491983967935871988e+03 1.000000000000000000e+00
8.492985971943888217e+03 1.000000000000000000e+00
8.493987975951904446e+03 1.000000000000000000e+00
8.494989979959918855e+03 1.000000000000000000e+00
8.495991983967935084e+03 1.000000000000000000e+00
8.496993987975951313e+03 1.000000000000000000e+00
8.497995991983967542e+03 1.000000000000000000e+00
8.498997995991983771e+03 1.000000000000000000e+00
8.500000000000000000e+03 1.000000000000000000e+00
8.501000000000000000e+03 0.000000000000000000e+00
8.502000000000000000e+03 0.000000000000000000e+00
8.503000000000000000e+03 0.000000000000000000e+00
8.504000000000000000e+03 0.000000000000000000e+00
8.505000000000000000e+03 0.000000000000000000e+00
8.506000000000000000e+03 0.000000000000000000e+00
8.507000000000000000e+03 0.000000000000000000e+00
8.508000000000000000e+03 0.000000000000000000e+00
8.509000000000000000e+03 0.000000000000000000e+00
8.510000000000000000e+03 0.000000000000000000e+00
8.511000000000000000e+03 0.000000000000000000e+00
8.512000000000000000e+03 0.000000000000000000e+00
8.513000000000000000e+03 0.000000000000000000e+00
8.514000000000000000e+03 0.000000000000000000e+00
8.515000000000000000e+03 0.000000000000000000e+00
8.516000000000000000e+03 0.000000000000000000e+00
8.517000000000000000e+03 0.000000000000000000e+00
8.518000000000000000e+03 0.000000000000000000e+00
8.519000000000000000e+03 0.000000000000000000e+00
8.520000000000000000e+03 0.000000000000000000e+00
8.521000000000000000e+03 0.000000000000000000e+00
8.522000000000000000e+03 0.000000000000000000e+00
8.523000000000000000e+03 0.000000000000000000e+00
8.524000000000000000e+03 0.000000000000000000e+00
8.525000000000000000e+03 0.000000000000000000e+00
8.526000000000000000e+03 0.000000000000000000e+00
8.527000000000000000e+03 0.000000000000000000e+00
8.528000000000000000e+03 0.000000000000000000e+00
8.529000000000000000e+03 0.000000000000000000e+00
8.530000000000000000e+03 0.000000000000000000e+00
8.531000000000000000e+03 0.000000000000000000e+00
8.532000000000000000e+03 0.000000000000000000e+00
8.533000000000000000e+03 0.000000000000000000e+00
8.534000000000000000e+03 0.000000000000000000e+00
8.535000000000000000e+03 0.000000000000000000e+00
8.536000000000000000e+03 0.000000000000000000e+00
8.537000000000000000e+03 0.000000000000000000e+00
8.538000000000000000e+03 0.000000000000000000e+00
8.539000000000000000e+03 0.000000000000000000e+00
8.540000000000000000e+03 0.000000000000000000e+00
8.541000000000000000e+03 0.000000000000000000e+00
8.542000000000000000e+03 0.000000000000000000e+00
8.543000000000000000e+03 0.000000000000000000e+00
8.544000000000000000e+03 0.000000000000000000e+00
8.545000000000000000e+03 0.000000000000000000e+00
8.546000000000000000e+03 0.000000000000000000e+00
8.547000000000000000e+03 0.000000000000000000e+00
8.548000000000000000e+03 0.000000000000000000e+00
8.549000000000000000e+03 0.000000000000000000e+00
8.550000000000000000e+03 0.000000000000000000e+00
8.551000000000000000e+03 0.000000000000000000e+00
8.552000000000000000e+03 0.000000000000000000e+00
8.553000000000000000e+03 0.000000000000000000e+00
8.554000000000000000e+03 0.000000000000000000e+00
8.555000000000000000e+03 0.000000000000000000e+00
8.556000000000000000e+03 0.000000000000000000e+00
8.557000000000000000e+03 0.000000000000000000e+00
8.558000000000000000e+03 0.000000000000000000e+00
8.559000000000000000e+03 0.000000000000000000e+00
8.560000000000000000e+03 0.000000000000000000e+00
8.561000000000000000e+03 0.000000000000000000e+00
8.562000000000000000e+03 0.000000000000000000e+00
8.563000000000000000e+03 0.000000000000000000e+00
8.564000000000000000e+03 0.000000000000000000e+00
8.565000000000000000e+03 0.000000000000000000e+00
8.566000000000000000e+03 0.000000000000000000e+00
8.567000000000000000e+03 0.000000000000000000e+00
8.568000000000000000e+03 0.000000000000000000e+00
8.569000000000000000e+03 0.000000000000000000e+00
8.570000000000000000e+03 0.000000000000000000e+00
8.571000000000000000e+03 0.000000000000000000e+00
8.572000000000000000e+03 0.000000000000000000e+00
8.573000000000000000e+03 0.000000000000000000e+00
8.574000000000000000e+03 0.000000000000000000e+00
8.575000000000000000e+03 0.000000000000000000e+00
8.576000000000000000e+03 0.000000000000000000e+00
8.577000000000000000e+03 0.000000000000000000e+00
8.578000000000000000e+03 0.000000000000000000e+00
8.579000000000000000e+03 0.000000000000000000e+00
8.580000000000000000e+03 0.000000000000000000e+00
8.581000000000000000e+03 0.000000000000000000e+00
8.582000000000000000e+03 0.000000000000000000e+00
8.583000000000000000e+03 0.000000000000000000e+00
8.584000000000000000e+03 0.000000000000000000e+00
8.585000000000000000e+03 0.000000000000000000e+00
8.586000000000000000e+03 0.000000000000000000e+00
8.587000000000000000e+03 0.000000000000000000e+00
8.588000000000000000e+03 0.000000000000000000e+00
8.589000000000000000e+03 0.000000000000000000e+00
8.590000000000000000e+03 0.000000000000000000e+00
8.591000000000000000e+03 0.000000000000000000e+00
8.592000000000000000e+03 0.000000000000000000e+00
8.593000000000000000e+03 0.000000000000000000e+00
8.594000000000000000e+03 0.000000000000000000e+00
8.595000000000000000e+03 0.000000000000000000e+00
8.596000000000000000e+03 0.000000000000000000e+00
8.597000000000000000e+03 0.000000000000000000e+00
8.598000000000000000e+03 0.000000000000000000e+00
8.599000000000000000e+03 0.000000000000000000e+00
8.600000000000000000e+03 0.000000000000000000e+00
