3.900000000000000000e+03 0.000000000000000000e+00
3.901000000000000000e+03 0.000000000000000000e+00
3.902000000000000000e+03 0.000000000000000000e+00
3.903000000000000000e+03 0.000000000000000000e+00
3.904000000000000000e+03 0.000000000000000000e+00
3.905000000000000000e+03 0.000000000000000000e+00
3.906000000000000000e+03 0.000000000000000000e+00
3.907000000000000000e+03 0.000000000000000000e+00
3.908000000000000000e+03 0.000000000000000000e+00
3.909000000000000000e+03 0.000000000000000000e+00
3.910000000000000000e+03 0.000000000000000000e+00
3.911000000000000000e+03 0.000000000000000000e+00
3.912000000000000000e+03 0.000000000000000000e+00
3.913000000000000000e+03 0.000000000000000000e+00
3.914000000000000000e+03 0.000000000000000000e+00
3.915000000000000000e+03 0.000000000000000000e+00
3.916000000000000000e+03 0.000000000000000000e+00
3.917000000000000000e+03 0.000000000000000000e+00
3.918000000000000000e+03 0.000000000000000000e+00
3.919000000000000000e+03 0.000000000000000000e+00
3.920000000000000000e+03 0.000000000000000000e+00
3.921000000000000000e+03 0.000000000000000000e+00
3.922000000000000000e+03 0.000000000000000000e+00
3.923000000000000000e+03 0.000000000000000000e+00
3.924000000000000000e+03 0.000000000000000000e+00
3.925000000000000000e+03 0.000000000000000000e+00
3.926000000000000000e+03 0.000000000000000000e+00
3.927000000000000000e+03 0.000000000000000000e+00
3.928000000000000000e+03 0.000000000000000000e+00
3.929000000000000000e+03 0.000000000000000000e+00
3.930000000000000000e+03 0.000000000000000000e+00
3.931000000000000000e+03 0.000000000000000000e+00
3.932000000000000000e+03 0.000000000000000000e+00
3.933000000000000000e+03 0.000000000000000000e+00
3.934000000000000000e+03 0.000000000000000000e+00
3.935000000000000000e+03 0.000000000000000000e+00
3.936000000000000000e+03 0.000000000000000000e+00
3.937000000000000000e+03 0.000000000000000000e+00
3.938000000000000000e+03 0.000000000000000000e+00
3.939000000000000000e+03 0.000000000000000000e+00
3.940000000000000000e+03 0.000000000000000000e+00
3.941000000000000000e+03 0.000000000000000000e+00
3.942000000000000000e+03 0.000000000000000000e+00
3.943000000000000000e+03 0.000000000000000000e+00
3.944000000000000000e+03 0.000000000000000000e+00
3.945000000000000000e+03 0.000000000000000000e+00
3.946000000000000000e+03 0.000000000000000000e+00
3.947000000000000000e+03 0.000000000000000000e+00
3.948000000000000000e+03 0.000000000000000000e+00
3.949000000000000000e+03 0.000000000000000000e+00
3.950000000000000000e+03 0.000000000000000000e+00
3.951000000000000000e+03 0.000000000000000000e+00
3.952000000000000000e+03 0.000000000000000000e+00
3.953000000000000000e+03 0.000000000000000000e+00
3.954000000000000000e+03 0.000000000000000000e+00
3.955000000000000000e+03 0.000000000000000000e+00
3.956000000000000000e+03 0.000000000000000000e+00
3.957000000000000000e+03 0.000000000000000000e+00
3.958000000000000000e+03 0.000000000000000000e+00
3.959000000000000000e+03 0.000000000000000000e+00
3.960000000000000000e+03 0.000000000000000000e+00
3.961000000000000000e+03 0.000000000000000000e+00
3.962000000000000000e+03 0.000000000000000000e+00
3.963000000000000000e+03 0.000000000000000000e+00
3.964000000000000000e+03 0.000000000000000000e+00
3.965000000000000000e+03 0.000000000000000000e+00
3.966000000000000000e+03 0.000000000000000000e+00
3.967000000000000000e+03 0.000000000000000000e+00
3.968000000000000000e+03 0.000000000000000000e+00
3.969000000000000000e+03 0.000000000000000000e+00
3.970000000000000000e+03 0.000000000000000000e+00
3.971000000000000000e+03 0.000000000000000000e+00
3.972000000000000000e+03 0.000000000000000000e+00
3.973000000000000000e+03 0.000000000000000000e+00
3.974000000000000000e+03 0.000000000000000000e+00
3.975000000000000000e+03 0.000000000000000000e+00
3.976000000000000000e+03 0.000000000000000000e+00
3.977000000000000000e+03 0.000000000000000000e+00
3.978000000000000000e+03 0.000000000000000000e+00
3.979000000000000000e+03 0.000000000000000000e+00
3.980000000000000000e+03 0.000000000000000000e+00
3.981000000000000000e+03 0.000000000000000000e+00
3.982000000000000000e+03 0.000000000000000000e+00
3.983000000000000000e+03 0.000000000000000000e+00
3.984000000000000000e+03 0.000000000000000000e+00
3.985000000000000000e+03 0.000000000000000000e+00
3.986000000000000000e+03 0.000000000000000000e+00
3.987000000000000000e+03 0.000000000000000000e+00
3.988000000000000000e+03 0.000000000000000000e+00
3.989000000000000000e+03 0.000000000000000000e+00
3.990000000000000000e+03 0.000000000000000000e+00
3.991000000000000000e+03 0.000000000000000000e+00
3.992000000000000000e+03 0.000000000000000000e+00
3.993000000000000000e+03 0.000000000000000000e+00
3.994000000000000000e+03 0.000000000000000000e+00
3.995000000000000000e+03 0.000000000000000000e+00
3.996000000000000000e+03 0.000000000000000000e+00
3.997000000000000000e+03 0.000000000000000000e+00
3.998000000000000000e+03 0.000000000000000000e+00
3.999000000000000000e+03 0.000000000000000000e+00
4.000000000000000000e+03 1.000000000000000000e+00
4.001002004008016229e+03 1.000000000000000000e+00
4.002004008016032003e+03 1.000000000000000000e+00
4.003006012024048232e+03 1.000000000000000000e+00
4.004008016032064006e+03 1.000000000000000000e+00
4.005010020040080235e+03 1.000000000000000000e+00
4.006012024048096009e+03 1.000000000000000000e+00
4.007014028056112238e+03 1.000000000000000000e+00
4.008016032064128467e+03 1.000000000000000000e+00
4.009018036072144241e+03 1.000000000000000000e+00
4.010020040080160470e+03 1.000000000000000000e+00
4.011022044088176244e+03 1.000000000000000000e+00
4.012024048096192473e+03 1.000000000000000000e+00
4.013026052104208247e+03 1.000000000000000000e+00
4.014028056112224476e+03 1.000000000000000000e+00
4.015030060120240705e+03 1.000000000000000000e+00
4.016032064128256479e+03 1.000000000000000000e+00
4.017034068136272708e+03 1.000000000000000000e+00
4.018036072144288482e+03 1.000000000000000000e+00
4.019038076152304711e+03 1.000000000000000000e+00
4.020040080160320485e+03 1.000000000000000000e+00
4.021042084168336714e+03 1.000000000000000000e+00
4.022044088176352489e+03 1.000000000000000000e+00
4.023046092184368717e+03 1.000000000000000000e+00
4.024048096192384946e+03 1.000000000000000000e+00
4.025050100200400720e+03 1.000000000000000000e+00
4.026052104208416949e+03 1.000000000000000000e+00
4.027054108216432724e+03 1.000000000000000000e+00
4.028056112224448952e+03 1.000000000000000000e+00
4.029058116232464727e+03 1.000000000000000000e+00
4.030060120240480956e+03 1.000000000000000000e+00
4.031062124248497184e+03 1.000000000000000000e+00
4.032064128256512959e+03 1.000000000000000000e+00
4.033066132264529188e+03 1.000000000000000000e+00
4.034068136272544962e+03 1.000000000000000000e+00
4.035070140280561191e+03 1.000000000000000000e+00
4.036072144288576965e+03 1.000000000000000000e+00
4.037074148296593194e+03 1.000000000000000000e+00
4.038076152304609423e+03 1.000000000000000000e+00
4.039078156312625197e+03 1.000000000000000000e+00
4.040080160320641426e+03 1.000000000000000000e+00
4.041082164328657200e+03 1.000000000000000000e+00
4.042084168336673429e+03 1.000000000000000000e+00
4.043086172344689203e+03 1.000000000000000000e+00
4.044088176352705432e+03 1.000000000000000000e+00
4.045090180360721661e+03 1.000000000000000000e+00
4.046092184368737435e+03 1.000000000000000000e+00
4.047094188376753664e+03 1.000000000000000000e+00
4.048096192384769438e+03 1.000000000000000000e+00
4.049098196392785667e+03 1.000000000000000000e+00
4.050100200400801441e+03 1.000000000000000000e+00
4.051102204408817670e+03 1.000000000000000000e+00
4.052104208416833444e+03 1.000000000000000000e+00
4.053106212424849673e+03 1.000000000000000000e+00
4.054108216432865902e+03 1.000000000000000000e+00
4.055110220440881676e+03 1.000000000000000000e+00
4.056112224448897905e+03 1.000000000000000000e+00
4.057114228456913679e+03 1.000000000000000000e+00
4.058116232464929908e+03 1.000000000000000000e+00
4.059118236472945682e+03 1.000000000000000000e+00
4.060120240480961911e+03 1.000000000000000000e+00
4.061122244488978140e+03 1.000000000000000000e+00
4.062124248496993914e+03 1.000000000000000000e+00
4.063126252505010143e+03 1.000000000000000000e+00
4.064128256513025917e+03 1.000000000000000000e+00
4.065130260521042146e+03 1.000000000000000000e+00
4.066132264529057920e+03 1.000000000000000000e+00
4.067134268537074149e+03 1.000000000000000000e+00
4.068136272545090378e+03 1.000000000000000000e+00
4.069138276553106152e+03 1.000000000000000000e+00
4.070140280561122381e+03 1.000000000000000000e+00
4.071142284569138155e+03 1.000000000000000000e+00
4.072144288577154384e+03 1.000000000000000000e+00
4.073146292585170158e+03 1.000000000000000000e+00
4.074148296593186387e+03 1.000000000000000000e+00
4.075150300601202616e+03 1.000000000000000000e+00
4.076152304609218390e+03 1.000000000000000000e+00
4.077154308617234619e+03 1.000000000000000000e+00
4.078156312625250393e+03 1.000000000000000000e+00
4.079158316633266622e+03 1.000000000000000000e+00
4.080160320641282397e+03 1.000000000000000000e+00
4.081162324649298625e+03 1.000000000000000000e+00
4.082164328657314400e+03 1.000000000000000000e+00
4.083166332665330629e+03 1.000000000000000000e+00
4.084168336673346857e+03 1.000000000000000000e+00
4.085170340681362632e+03 1.000000000000000000e+00
4.086172344689378860e+03 1.000000000000000000e+00
4.087174348697394635e+03 1.000000000000000000e+00
4.088176352705410864e+03 1.000000000000000000e+00
4.089178356713426638e+03 1.000000000000000000e+00
4.090180360721442867e+03 1.000000000000000000e+00
4.091182364729459096e+03 1.000000000000000000e+00
4.092184368737474870e+03 1.000000000000000000e+00
4.093186372745491099e+03 1.000000000000000000e+00
4.094188376753506873e+03 1.000000000000000000e+00
4.095190380761523102e+03 1.000000000000000000e+00
4.096192384769538876e+03 1.000000000000000000e+00
4.097194388777555105e+03 1.000000000000000000e+00
4.098196392785571334e+03 1.000000000000000000e+00
4.099198396793587563e+03 1.000000000000000000e+00
4.100200400801602882e+03 1.000000000000000000e+00
4.101202404809619111e+03 1.000000000000000000e+00
4.102204408817635340e+03 1.000000000000000000e+00
4.103206412825651569e+03 1.000000000000000000e+00
4.104208416833666888e+03 1.000000000000000000e+00
4.105210420841683117e+03 1.000000000000000000e+00
4.106212424849699346e+03 1.000000000000000000e+00
4.107214428857715575e+03 1.000000000000000000e+00
4.108216432865731804e+03 1.000000000000000000e+00
4.109218436873747123e+03 1.000000000000000000e+00
4.110220440881763352e+03 1.000000000000000000e+00
4.111222444889779581e+03 1.000000000000000000e+00
4.112224448897795810e+03 1.000000000000000000e+00
4.113226452905812039e+03 1.000000000000000000e+00
4.114228456913827358e+03 1.000000000000000000e+00
4.115230460921843587e+03 1.000000000000000000e+00
4.116232464929859816e+03 1.000000000000000000e+00
4.117234468937876045e+03 1.000000000000000000e+00
4.118236472945891364e+03 1.000000000000000000e+00
4.119238476953907593e+03 1.000000000000000000e+00
4.120240480961923822e+03 1.000000000000000000e+00
4.121242484969940051e+03 1.000000000000000000e+00
4.122244488977956280e+03 1.000000000000000000e+00
4.123246492985971599e+03 1.000000000000000000e+00
4.124248496993987828e+03 1.000000000000000000e+00
4.125250501002004057e+03 1.000000000000000000e+00
4.126252505010020286e+03 1.000000000000000000e+00
4.127254509018035606e+03 1.000000000000000000e+00
4.128256513026051834e+03 1.000000000000000000e+00
4.129258517034068063e+03 1.000000000000000000e+00
4.130260521042084292e+03 1.000000000000000000e+00
4.131262525050100521e+03 1.000000000000000000e+00
4.132264529058115841e+03 1.000000000000000000e+00
4.133266533066132070e+03 1.000000000000000000e+00
4.134268537074148298e+03 1.000000000000000000e+00
4.135270541082164527e+03 1.000000000000000000e+00
4.136272545090180756e+03 1.000000000000000000e+00
4.137274549098196076e+03 1.000000000000000000e+00
4.138276553106212305e+03 1.000000000000000000e+00
4.139278557114228533e+03 1.000000000000000000e+00
4.140280561122244762e+03 1.000000000000000000e+00
4.141282565130260082e+03 1.000000000000000000e+00
4.142284569138276311e+03 1.000000000000000000e+00
4.143286573146292540e+03 1.000000000000000000e+00
4.144288577154308769e+03 1.000000000000000000e+00
4.145290581162324997e+03 1.000000000000000000e+00
4.146292585170340317e+03 1.000000000000000000e+00
4.147294589178356546e+03 1.000000000000000000e+00
4.148296593186372775e+03 1.000000000000000000e+00
4.149298597194389004e+03 1.000000000000000000e+00
4.150300601202405232e+03 1.000000000000000000e+00
4.151302605210420552e+03 1.000000000000000000e+00
4.152304609218436781e+03 1.000000000000000000e+00
4.153306613226453010e+03 1.000000000000000000e+00
4.154308617234469239e+03 1.000000000000000000e+00
4.155310621242484558e+03 1.000000000000000000e+00
4.156312625250500787e+03 1.000000000000000000e+00
4.157314629258517016e+03 1.000000000000000000e+00
4.158316633266533245e+03 1.000000000000000000e+00
4.159318637274549474e+03 1.000000000000000000e+00
4.160320641282564793e+03 1.000000000000000000e+00
4.161322645290581022e+03 1.000000000000000000e+00
4.162324649298597251e+03 1.000000000000000000e+00
4.163326653306613480e+03 1.000000000000000000e+00
4.164328657314628799e+03 1.000000000000000000e+00
4.165330661322645028e+03 1.000000000000000000e+00
4.166332665330661257e+03 1.000000000000000000e+00
4.167334669338677486e+03 1.000000000000000000e+00
4.168336673346693715e+03 1.000000000000000000e+00
4.169338677354709034e+03 1.000000000000000000e+00
4.170340681362725263e+03 1.000000000000000000e+00
4.171342685370741492e+03 1.000000000000000000e+00
4.172344689378757721e+03 1.000000000000000000e+00
4.173346693386773950e+03 1.000000000000000000e+00
4.174348697394789269e+03 1.000000000000000000e+00
4.175350701402805498e+03 1.000000000000000000e+00
4.176352705410821727e+03 1.000000000000000000e+00
4.177354709418837956e+03 1.000000000000000000e+00
4.178356713426853275e+03 1.000000000000000000e+00
4.179358717434869504e+03 1.000000000000000000e+00
4.180360721442885733e+03 1.000000000000000000e+00
4.181362725450901962e+03 1.000000000000000000e+00
4.182364729458918191e+03 1.000000000000000000e+00
4.183366733466933510e+03 1.000000000000000000e+00
4.184368737474949739e+03 1.000000000000000000e+00
4.185370741482965968e+03 1.000000000000000000e+00
4.186372745490982197e+03 1.000000000000000000e+00
4.187374749498998426e+03 1.000000000000000000e+00
4.188376753507013746e+03 1.000000000000000000e+00
4.189378757515029974e+03 1.000000000000000000e+00
4.190380761523046203e+03 1.000000000000000000e+00
4.191382765531062432e+03 1.000000000000000000e+00
4.192384769539077752e+03 1.000000000000000000e+00
4.193386773547093981e+03 1.000000000000000000e+00
4.194388777555110210e+03 1.000000000000000000e+00
4.195390781563126438e+03 1.000000000000000000e+00
4.196392785571142667e+03 1.000000000000000000e+00
4.197394789579157987e+03 1.000000000000000000e+00
4.198396793587174216e+03 1.000000000000000000e+00
4.199398797595190445e+03 1.000000000000000000e+00
4.200400801603206673e+03 1.000000000000000000e+00
4.201402805611221993e+03 1.000000000000000000e+00
4.202404809619238222e+03 1.000000000000000000e+00
4.203406813627254451e+03 1.000000000000000000e+00
4.204408817635270680e+03 1.000000000000000000e+00
4.205410821643286909e+03 1.000000000000000000e+00
4.206412825651302228e+03 1.000000000000000000e+00
4.207414829659318457e+03 1.000000000000000000e+00
4.208416833667334686e+03 1.000000000000000000e+00
4.209418837675350915e+03 1.000000000000000000e+00
4.210420841683367144e+03 1.000000000000000000e+00
4.211422845691382463e+03 1.000000000000000000e+00
4.212424849699398692e+03 1.000000000000000000e+00
4.213426853707414921e+03 1.000000000000000000e+00
4.214428857715431150e+03 1.000000000000000000e+00
4.215430861723446469e+03 1.000000000000000000e+00
4.216432865731462698e+03 1.000000000000000000e+00
4.217434869739478927e+03 1.000000000000000000e+00
4.218436873747495156e+03 1.000000000000000000e+00
4.219438877755511385e+03 1.000000000000000000e+00
4.220440881763526704e+03 1.000000000000000000e+00
4.221442885771542933e+03 1.000000000000000000e+00
4.222444889779559162e+03 1.000000000000000000e+00
4.223446893787575391e+03 1.000000000000000000e+00
4.224448897795591620e+03 1.000000000000000000e+00
4.225450901803606939e+03 1.000000000000000000e+00
4.226452905811623168e+03 1.000000000000000000e+00
4.227454909819639397e+03 1.000000000000000000e+00
4.228456913827655626e+03 1.000000000000000000e+00
4.229458917835670945e+03 1.000000000000000000e+00
4.230460921843687174e+03 1.000000000000000000e+00
4.231462925851703403e+03 1.000000000000000000e+00
4.232464929859719632e+03 1.000000000000000000e+00
4.233466933867735861e+03 1.000000000000000000e+00
4.234468937875751180e+03 1.000000000000000000e+00
4.235470941883767409e+03 1.000000000000000000e+00
4.236472945891783638e+03 1.000000000000000000e+00
4.237474949899799867e+03 1.000000000000000000e+00
4.238476953907815187e+03 1.000000000000000000e+00
4.239478957915831415e+03 1.000000000000000000e+00
4.240480961923847644e+03 1.000000000000000000e+00
4.241482965931863873e+03 1.000000000000000000e+00
4.242484969939880102e+03 1.000000000000000000e+00
4.243486973947895422e+03 1.000000000000000000e+00
4.244488977955911650e+03 1.000000000000000000e+00
4.245490981963927879e+03 1.000000000000000000e+00
4.246492985971944108e+03 1.000000000000000000e+00
4.247494989979959428e+03 1.000000000000000000e+00
4.248496993987975657e+03 1.000000000000000000e+00
4.249498997995991886e+03 1.000000000000000000e+00
4.250501002004008114e+03 1.000000000000000000e+00
4.251503006012024343e+03 1.000000000000000000e+00
4.252505010020039663e+03 1.000000000000000000e+00
4.253507014028055892e+03 1.000000000000000000e+00
4.254509018036072121e+03 1.000000000000000000e+00
4.255511022044088350e+03 1.000000000000000000e+00
4.256513026052104578e+03 1.000000000000000000e+00
4.257515030060119898e+03 1.000000000000000000e+00
4.258517034068136127e+03 1.000000000000000000e+00
4.259519038076152356e+03 1.000000000000000000e+00
4.260521042084168585e+03 1.000000000000000000e+00
4.261523046092184813e+03 1.000000000000000000e+00
4.262525050100200133e+03 1.000000000000000000e+00
4.263527054108216362e+03 1.000000000000000000e+00
4.264529058116232591e+03 1.000000000000000000e+00
4.265531062124248820e+03 1.000000000000000000e+00
4.266533066132264139e+03 1.000000000000000000e+00
4.267535070140280368e+03 1.000000000000000000e+00
4.268537074148296597e+03 1.000000000000000000e+00
4.269539078156312826e+03 1.000000000000000000e+00
4.270541082164329055e+03 1.000000000000000000e+00
4.271543086172344374e+03 1.000000000000000000e+00
4.272545090180360603e+03 1.000000000000000000e+00
4.273547094188376832e+03 1.000000000000000000e+00
4.274549098196393061e+03 1.000000000000000000e+00
4.275551102204408380e+03 1.000000000000000000e+00
4.276553106212424609e+03 1.000000000000000000e+00
4.277555110220440838e+03 1.000000000000000000e+00
4.278557114228457067e+03 1.000000000000000000e+00
4.279559118236473296e+03 1.000000000000000000e+00
4.280561122244488615e+03 1.000000000000000000e+00
4.281563126252504844e+03 1.000000000000000000e+00
4.282565130260521073e+03 1.000000000000000000e+00
4.283567134268537302e+03 1.000000000000000000e+00
4.284569138276552621e+03 1.000000000000000000e+00
4.285571142284568850e+03 1.000000000000000000e+00
4.286573146292585079e+03 1.000000000000000000e+00
4.287575150300601308e+03 1.000000000000000000e+00
4.288577154308617537e+03 1.000000000000000000e+00
4.289579158316632856e+03 1.000000000000000000e+00
4.290581162324649085e+03 1.000000000000000000e+00
4.291583166332665314e+03 1.000000000000000000e+00
4.292585170340681543e+03 1.000000000000000000e+00
4.293587174348697772e+03 1.000000000000000000e+00
4.294589178356713091e+03 1.000000000000000000e+00
4.295591182364729320e+03 1.000000000000000000e+00
4.296593186372745549e+03 1.000000000000000000e+00
4.297595190380761778e+03 1.000000000000000000e+00
4.298597194388777098e+03 1.000000000000000000e+00
4.299599198396793327e+03 1.000000000000000000e+00
4.300601202404809555e+03 1.000000000000000000e+00
4.301603206412825784e+03 1.000000000000000000e+00
4.302605210420842013e+03 1.000000000000000000e+00
4.303607214428857333e+03 1.000000000000000000e+00
4.304609218436873562e+03 1.000000000000000000e+00
4.305611222444889790e+03 1.000000000000000000e+00
4.306613226452906019e+03 1.000000000000000000e+00
4.307615230460922248e+03 1.000000000000000000e+00
4.308617234468937568e+03 1.000000000000000000e+00
4.309619238476953797e+03 1.000000000000000000e+00
4.310621242484970026e+03 1.000000000000000000e+00
4.311623246492986254e+03 1.000000000000000000e+00
4.312625250501001574e+03 1.000000000000000000e+00
4.313627254509017803e+03 1.000000000000000000e+00
4.314629258517034032e+03 1.000000000000000000e+00
4.315631262525050261e+03 1.000000000000000000e+00
4.316633266533066490e+03 1.000000000000000000e+00
4.317635270541081809e+03 1.000000000000000000e+00
4.318637274549098038e+03 1.000000000000000000e+00
4.319639278557114267e+03 1.000000000000000000e+00
4.320641282565130496e+03 1.000000000000000000e+00
4.321643286573145815e+03 1.000000000000000000e+00
4.322645290581162044e+03 1.000000000000000000e+00
4.323647294589178273e+03 1.000000000000000000e+00
4.324649298597194502e+03 1.000000000000000000e+00
4.325651302605210731e+03 1.000000000000000000e+00
4.326653306613226050e+03 1.000000000000000000e+00
4.327655310621242279e+03 1.000000000000000000e+00
4.328657314629258508e+03 1.000000000000000000e+00
4.329659318637274737e+03 1.000000000000000000e+00
4.330661322645290966e+03 1.000000000000000000e+00
4.331663326653306285e+03 1.000000000000000000e+00
4.332665330661322514e+03 1.000000000000000000e+00
4.333667334669338743e+03 1.000000000000000000e+00
4.334669338677354972e+03 1.000000000000000000e+00
4.335671342685370291e+03 1.000000000000000000e+00
4.336673346693386520e+03 1.000000000000000000e+00
4.337675350701402749e+03 1.000000000000000000e+00
4.338677354709418978e+03 1.000000000000000000e+00
4.339679358717435207e+03 1.000000000000000000e+00
4.340681362725450526e+03 1.000000000000000000e+00
4.341683366733466755e+03 1.000000000000000000e+00
4.342685370741482984e+03 1.000000000000000000e+00
4.343687374749499213e+03 1.000000000000000000e+00
4.344689378757515442e+03 1.000000000000000000e+00
4.345691382765530761e+03 1.000000000000000000e+00
4.346693386773546990e+03 1.000000000000000000e+00
4.347695390781563219e+03 1.000000000000000000e+00
4.348697394789579448e+03 1.000000000000000000e+00
4.349699398797594768e+03 1.000000000000000000e+00
4.350701402805610996e+03 1.000000000000000000e+00
4.351703406813627225e+03 1.000000000000000000e+00
4.352705410821643454e+03 1.000000000000000000e+00
4.353707414829659683e+03 1.000000000000000000e+00
4.354709418837675003e+03 1.000000000000000000e+00
4.355711422845691231e+03 1.000000000000000000e+00
4.356713426853707460e+03 1.000000000000000000e+00
4.357715430861723689e+03 1.000000000000000000e+00
4.358717434869739009e+03 1.000000000000000000e+00
4.359719438877755238e+03 1.000000000000000000e+00
4.360721442885771467e+03 1.000000000000000000e+00
4.361723446893787695e+03 1.000000000000000000e+00
4.362725450901803924e+03 1.000000000000000000e+00
4.363727454909819244e+03 1.000000000000000000e+00
4.364729458917835473e+03 1.000000000000000000e+00
4.365731462925851702e+03 1.000000000000000000e+00
4.366733466933867930e+03 1.000000000000000000e+00
4.367735470941883250e+03 1.000000000000000000e+00
4.368737474949899479e+03 1.000000000000000000e+00
4.369739478957915708e+03 1.000000000000000000e+00
4.370741482965931937e+03 1.000000000000000000e+00
4.371743486973948166e+03 1.000000000000000000e+00
4.372745490981963485e+03 1.000000000000000000e+00
4.373747494989979714e+03 1.000000000000000000e+00
4.374749498997995943e+03 1.000000000000000000e+00
4.375751503006012172e+03 1.000000000000000000e+00
4.376753507014028401e+03 1.000000000000000000e+00
4.377755511022043720e+03 1.000000000000000000e+00
4.378757515030059949e+03 1.000000000000000000e+00
4.379759519038076178e+03 1.000000000000000000e+00
4.380761523046092407e+03 1.000000000000000000e+00
4.381763527054108636e+03 1.000000000000000000e+00
4.382765531062123955e+03 1.000000000000000000e+00
4.383767535070140184e+03 1.000000000000000000e+00
4.384769539078156413e+03 1.000000000000000000e+00
4.385771543086172642e+03 1.000000000000000000e+00
4.386773547094187961e+03 1.000000000000000000e+00
4.387775551102204190e+03 1.000000000000000000e+00
4.388777555110220419e+03 1.000000000000000000e+00
4.389779559118236648e+03 1.000000000000000000e+00
4.390781563126252877e+03 1.000000000000000000e+00
4.391783567134268196e+03 1.000000000000000000e+00
4.392785571142284425e+03 1.000000000000000000e+00
4.393787575150300654e+03 1.000000000000000000e+00
4.394789579158316883e+03 1.000000000000000000e+00
4.395791583166332202e+03 1.000000000000000000e+00
4.396793587174348431e+03 1.000000000000000000e+00
4.397795591182364660e+03 1.000000000000000000e+00
4.398797595190380889e+03 1.000000000000000000e+00
4.399799599198397118e+03 1.000000000000000000e+00
4.400801603206412437e+03 1.000000000000000000e+00
4.401803607214428666e+03 1.000000000000000000e+00
4.402805611222444895e+03 1.000000000000000000e+00
4.403807615230461124e+03 1.000000000000000000e+00
4.404809619238476444e+03 1.000000000000000000e+00
4.405811623246492672e+03 1.000000000000000000e+00
4.406813627254508901e+03 1.000000000000000000e+00
4.407815631262525130e+03 1.000000000000000000e+00
4.408817635270541359e+03 1.000000000000000000e+00
4.409819639278556679e+03 1.000000000000000000e+00
4.410821643286572908e+03 1.000000000000000000e+00
4.411823647294589136e+03 1.000000000000000000e+00
4.412825651302605365e+03 1.000000000000000000e+00
4.413827655310621594e+03 1.000000000000000000e+00
4.414829659318636914e+03 1.000000000000000000e+00
4.415831663326653143e+03 1.000000000000000000e+00
4.416833667334669371e+03 1.000000000000000000e+00
4.417835671342685600e+03 1.000000000000000000e+00
4.418837675350701829e+03 1.000000000000000000e+00
4.419839679358717149e+03 1.000000000000000000e+00
4.420841683366733378e+03 1.000000000000000000e+00
4.421843687374749607e+03 1.000000000000000000e+00
4.422845691382765835e+03 1.000000000000000000e+00
4.423847695390781155e+03 1.000000000000000000e+00
4.424849699398797384e+03 1.000000000000000000e+00
4.425851703406813613e+03 1.000000000000000000e+00
4.426853707414829842e+03 1.000000000000000000e+00
4.427855711422846070e+03 1.000000000000000000e+00
4.428857715430861390e+03 1.000000000000000000e+00
4.429859719438877619e+03 1.000000000000000000e+00
4.430861723446893848e+03 1.000000000000000000e+00
4.431863727454910077e+03 1.000000000000000000e+00
4.432865731462925396e+03 1.000000000000000000e+00
4.433867735470941625e+03 1.000000000000000000e+00
4.434869739478957854e+03 1.000000000000000000e+00
4.435871743486974083e+03 1.000000000000000000e+00
4.436873747494990312e+03 1.000000000000000000e+00
4.437875751503005631e+03 1.000000000000000000e+00
4.438877755511021860e+03 1.000000000000000000e+00
4.439879759519038089e+03 1.000000000000000000e+00
4.440881763527054318e+03 1.000000000000000000e+00
4.441883767535069637e+03 1.000000000000000000e+00
4.442885771543085866e+03 1.000000000000000000e+00
4.443887775551102095e+03 1.000000000000000000e+00
4.444889779559118324e+03 1.000000000000000000e+00
4.445891783567134553e+03 1.000000000000000000e+00
4.446893787575149872e+03 1.000000000000000000e+00
4.447895791583166101e+03 1.000000000000000000e+00
4.448897795591182330e+03 1.000000000000000000e+00
4.449899799599198559e+03 1.000000000000000000e+00
4.450901803607214788e+03 1.000000000000000000e+00
4.451903807615230107e+03 1.000000000000000000e+00
4.452905811623246336e+03 1.000000000000000000e+00
4.453907815631262565e+03 1.000000000000000000e+00
4.454909819639278794e+03 1.000000000000000000e+00
4.455911823647294113e+03 1.000000000000000000e+00
4.456913827655310342e+03 1.000000000000000000e+00
4.457915831663326571e+03 1.000000000000000000e+00
4.458917835671342800e+03 1.000000000000000000e+00
4.459919839679359029e+03 1.000000000000000000e+00
4.460921843687374349e+03 1.000000000000000000e+00
4.461923847695390577e+03 1.000000000000000000e+00
4.462925851703406806e+03 1.000000000000000000e+00
4.463927855711423035e+03 1.000000000000000000e+00
4.464929859719439264e+03 1.000000000000000000e+00
4.465931863727454584e+03 1.000000000000000000e+00
4.466933867735470812e+03 1.000000000000000000e+00
4.467935871743487041e+03 1.000000000000000000e+00
4.468937875751503270e+03 1.000000000000000000e+00
4.469939879759518590e+03 1.000000000000000000e+00
4.470941883767534819e+03 1.000000000000000000e+00
4.471943887775551048e+03 1.000000000000000000e+00
4.472945891783567276e+03 1.000000000000000000e+00
4.473947895791583505e+03 1.000000000000000000e+00
4.474949899799598825e+03 1.000000000000000000e+00
4.475951903807615054e+03 1.000000000000000000e+00
4.476953907815631283e+03 1.000000000000000000e+00
4.477955911823647511e+03 1.000000000000000000e+00
4.478957915831662831e+03 1.000000000000000000e+00
4.479959919839679060e+03 1.000000000000000000e+00
4.480961923847695289e+03 1.000000000000000000e+00
4.481963927855711518e+03 1.000000000000000000e+00
4.482965931863727747e+03 1.000000000000000000e+00
4.483967935871743066e+03 1.000000000000000000e+00
4.484969939879759295e+03 1.000000000000000000e+00
4.485971943887775524e+03 1.000000000000000000e+00
4.486973947895791753e+03 1.000000000000000000e+00
4.487975951903807982e+03 1.000000000000000000e+00
4.488977955911823301e+03 1.000000000000000000e+00
4.489979959919839530e+03 1.000000000000000000e+00
4.490981963927855759e+03 1.000000000000000000e+00
4.491983967935871988e+03 1.000000000000000000e+00
4.492985971943887307e+03 1.000000000000000000e+00
4.493987975951903536e+03 1.000000000000000000e+00
4.494989979959919765e+03 1.000000000000000000e+00
4.495991983967935994e+03 1.000000000000000000e+00
4.496993987975952223e+03 1.000000000000000000e+00
4.497995991983967542e+03 1.000000000000000000e+00
4.498997995991983771e+03 1.000000000000000000e+00
4.500000000000000000e+03 1.000000000000000000e+00
4.501000000000000000e+03 0.000000000000000000e+00
4.502000000000000000e+03 0.000000000000000000e+00
4.503000000000000000e+03 0.000000000000000000e+00
4.504000000000000000e+03 0.000000000000000000e+00
4.505000000000000000e+03 0.000000000000000000e+00
4.506000000000000000e+03 0.000000000000000000e+00
4.507000000000000000e+03 0.000000000000000000e+00
4.508000000000000000e+03 0.000000000000000000e+00
4.509000000000000000e+03 0.000000000000000000e+00
4.510000000000000000e+03 0.000000000000000000e+00
4.511000000000000000e+03 0.000000000000000000e+00
4.512000000000000000e+03 0.000000000000000000e+00
4.513000000000000000e+03 0.000000000000000000e+00
4.514000000000000000e+03 0.000000000000000000e+00
4.515000000000000000e+03 0.000000000000000000e+00
4.516000000000000000e+03 0.000000000000000000e+00
4.517000000000000000e+03 0.000000000000000000e+00
4.518000000000000000e+03 0.000000000000000000e+00
4.519000000000000000e+03 0.000000000000000000e+00
4.520000000000000000e+03 0.000000000000000000e+00
4.521000000000000000e+03 0.000000000000000000e+00
4.522000000000000000e+03 0.000000000000000000e+00
4.523000000000000000e+03 0.000000000000000000e+00
4.524000000000000000e+03 0.000000000000000000e+00
4.525000000000000000e+03 0.000000000000000000e+00
4.526000000000000000e+03 0.000000000000000000e+00
4.527000000000000000e+03 0.000000000000000000e+00
4.528000000000000000e+03 0.000000000000000000e+00
4.529000000000000000e+03 0.000000000000000000e+00
4.530000000000000000e+03 0.000000000000000000e+00
4.531000000000000000e+03 0.000000000000000000e+00
4.532000000000000000e+03 0.000000000000000000e+00
4.533000000000000000e+03 0.000000000000000000e+00
4.534000000000000000e+03 0.000000000000000000e+00
4.535000000000000000e+03 0.000000000000000000e+00
4.536000000000000000e+03 0.000000000000000000e+00
4.537000000000000000e+03 0.000000000000000000e+00
4.538000000000000000e+03 0.000000000000000000e+00
4.539000000000000000e+03 0.000000000000000000e+00
4.540000000000000000e+03 0.000000000000000000e+00
4.541000000000000000e+03 0.000000000000000000e+00
4.542000000000000000e+03 0.000000000000000000e+00
4.543000000000000000e+03 0.000000000000000000e+00
4.544000000000000000e+03 0.000000000000000000e+00
4.545000000000000000e+03 0.000000000000000000e+00
4.546000000000000000e+03 0.000000000000000000e+00
4.547000000000000000e+03 0.000000000000000000e+00
4.548000000000000000e+03 0.000000000000000000e+00
4.549000000000000000e+03 0.000000000000000000e+00
4.550000000000000000e+03 0.000000000000000000e+00
4.551000000000000000e+03 0.000000000000000000e+00
4.552000000000000000e+03 0.000000000000000000e+00
4.553000000000000000e+03 0.000000000000000000e+00
4.554000000000000000e+03 0.000000000000000000e+00
4.555000000000000000e+03 0.000000000000000000e+00
4.556000000000000000e+03 0.000000000000000000e+00
4.557000000000000000e+03 0.000000000000000000e+00
4.558000000000000000e+03 0.000000000000000000e+00
4.559000000000000000e+03 0.000000000000000000e+00
4.560000000000000000e+03 0.000000000000000000e+00
4.561000000000000000e+03 0.000000000000000000e+00
4.562000000000000000e+03 0.000000000000000000e+00
4.563000000000000000e+03 0.000000000000000000e+00
4.564000000000000000e+03 0.000000000000000000e+00
4.565000000000000000e+03 0.000000000000000000e+00
4.566000000000000000e+03 0.000000000000000000e+00
4.567000000000000000e+03 0.000000000000000000e+00
4.568000000000000000e+03 0.000000000000000000e+00
4.569000000000000000e+03 0.000000000000000000e+00
4.570000000000000000e+03 0.000000000000000000e+00
4.571000000000000000e+03 0.000000000000000000e+00
4.572000000000000000e+03 0.000000000000000000e+00
4.573000000000000000e+03 0.000000000000000000e+00
4.574000000000000000e+03 0.000000000000000000e+00
4.575000000000000000e+03 0.000000000000000000e+00
4.576000000000000000e+03 0.000000000000000000e+00
4.577000000000000000e+03 0.000000000000000000e+00
4.578000000000000000e+03 0.000000000000000000e+00
4.579000000000000000e+03 0.000000000000000000e+00
4.580000000000000000e+03 0.000000000000000000e+00
4.581000000000000000e+03 0.000000000000000000e+00
4.582000000000000000e+03 0.000000000000000000e+00
4.583000000000000000e+03 0.000000000000000000e+00
4.584000000000000000e+03 0.000000000000000000e+00
4.585000000000000000e+03 0.000000000000000000e+00
4.586000000000000000e+03 0.000000000000000000e+00
4.587000000000000000e+03 0.000000000000000000e+00
4.588000000000000000e+03 0.000000000000000000e+00
4.589000000000000000e+03 0.000000000000000000e+00
4.590000000000000000e+03 0.000000000000000000e+00
4.591000000000000000e+03 0.000000000000000000e+00
4.592000000000000000e+03 0.000000000000000000e+00
4.593000000000000000e+03 0.000000000000000000e+00
4.594000000000000000e+03 0.000000000000000000e+00
4.595000000000000000e+03 0.000000000000000000e+00
4.596000000000000000e+03 0.000000000000000000e+00
4.597000000000000000e+03 0.000000000000000000e+00
4.598000000000000000e+03 0.000000000000000000e+00
4.599000000000000000e+03 0.000000000000000000e+00
4.600000000000000000e+03 0.000000000000000000e+00
