8.400000000000000000e+03 0.000000000000000000e+00
8.401000000000000000e+03 0.000000000000000000e+00
8.402000000000000000e+03 0.000000000000000000e+00
8.403000000000000000e+03 0.000000000000000000e+00
8.404000000000000000e+03 0.000000000000000000e+00
8.405000000000000000e+03 0.000000000000000000e+00
8.406000000000000000e+03 0.000000000000000000e+00
8.407000000000000000e+03 0.000000000000000000e+00
8.408000000000000000e+03 0.000000000000000000e+00
8.409000000000000000e+03 0.000000000000000000e+00
8.410000000000000000e+03 0.000000000000000000e+00
8.411000000000000000e+03 0.000000000000000000e+00
8.412000000000000000e+03 0.000000000000000000e+00
8.413000000000000000e+03 0.000000000000000000e+00
8.414000000000000000e+03 0.000000000000000000e+00
8.415000000000000000e+03 0.000000000000000000e+00
8.416000000000000000e+03 0.000000000000000000e+00
8.417000000000000000e+03 0.000000000000000000e+00
8.418000000000000000e+03 0.000000000000000000e+00
8.419000000000000000e+03 0.000000000000000000e+00
8.420000000000000000e+03 0.000000000000000000e+00
8.421000000000000000e+03 0.000000000000000000e+00
8.422000000000000000e+03 0.000000000000000000e+00
8.423000000000000000e+03 0.000000000000000000e+00
8.424000000000000000e+03 0.000000000000000000e+00
8.425000000000000000e+03 0.000000000000000000e+00
8.426000000000000000e+03 0.000000000000000000e+00
8.427000000000000000e+03 0.000000000000000000e+00
8.428000000000000000e+03 0.000000000000000000e+00
8.429000000000000000e+03 0.000000000000000000e+00
8.430000000000000000e+03 0.000000000000000000e+00
8.431000000000000000e+03 0.000000000000000000e+00
8.432000000000000000e+03 0.000000000000000000e+00
8.433000000000000000e+03 0.000000000000000000e+00
8.434000000000000000e+03 0.000000000000000000e+00
8.435000000000000000e+03 0.000000000000000000e+00
8.436000000000000000e+03 0.000000000000000000e+00
8.437000000000000000e+03 0.000000000000000000e+00
8.438000000000000000e+03 0.000000000000000000e+00
8.439000000000000000e+03 0.000000000000000000e+00
8.440000000000000000e+03 0.000000000000000000e+00
8.441000000000000000e+03 0.000000000000000000e+00
8.442000000000000000e+03 0.000000000000000000e+00
8.443000000000000000e+03 0.000000000000000000e+00
8.444000000000000000e+03 0.000000000000000000e+00
8.445000000000000000e+03 0.000000000000000000e+00
8.446000000000000000e+03 0.000000000000000000e+00
8.447000000000000000e+03 0.000000000000000000e+00
8.448000000000000000e+03 0.000000000000000000e+00
8.449000000000000000e+03 0.000000000000000000e+00
8.450000000000000000e+03 0.000000000000000000e+00
8.451000000000000000e+03 0.000000000000000000e+00
8.452000000000000000e+03 0.000000000000000000e+00
8.453000000000000000e+03 0.000000000000000000e+00
8.454000000000000000e+03 0.000000000000000000e+00
8.455000000000000000e+03 0.000000000000000000e+00
8.456000000000000000e+03 0.000000000000000000e+00
8.457000000000000000e+03 0.000000000000000000e+00
8.458000000000000000e+03 0.000000000000000000e+00
8.459000000000000000e+03 0.000000000000000000e+00
8.460000000000000000e+03 0.000000000000000000e+00
8.461000000000000000e+03 0.000000000000000000e+00
8.462000000000000000e+03 0.000000000000000000e+00
8.463000000000000000e+03 0.000000000000000000e+00
8.464000000000000000e+03 0.000000000000000000e+00
8.465000000000000000e+03 0.000000000000000000e+00
8.466000000000000000e+03 0.000000000000000000e+00
8.467000000000000000e+03 0.000000000000000000e+00
8.468000000000000000e+03 0.000000000000000000e+00
8.469000000000000000e+03 0.000000000000000000e+00
8.470000000000000000e+03 0.000000000000000000e+00
8.471000000000000000e+03 0.000000000000000000e+00
8.472000000000000000e+03 0.000000000000000000e+00
8.473000000000000000e+03 0.000000000000000000e+00
8.474000000000000000e+03 0.000000000000000000e+00
8.475000000000000000e+03 0.000000000000000000e+00
8.476000000000000000e+03 0.000000000000000000e+00
8.477000000000000000e+03 0.000000000000000000e+00
8.478000000000000000e+03 0.000000000000000000e+00
8.479000000000000000e+03 0.000000000000000000e+00
8.480000000000000000e+03 0.000000000000000000e+00
8.481000000000000000e+03 0.000000000000000000e+00
8.482000000000000000e+03 0.000000000000000000e+00
8.483000000000000000e+03 0.000000000000000000e+00
8.484000000000000000e+03 0.000000000000000000e+00
8.485000000000000000e+03 0.000000000000000000e+00
8.486000000000000000e+03 0.000000000000000000e+00
8.487000000000000000e+03 0.000000000000000000e+00
8.488000000000000000e+03 0.000000000000000000e+00
8.489000000000000000e+03 0.000000000000000000e+00
8.490000000000000000e+03 0.000000000000000000e+00
8.491000000000000000e+03 0.000000000000000000e+00
8.492000000000000000e+03 0.000000000000000000e+00
8.493000000000000000e+03 0.000000000000000000e+00
8.494000000000000000e+03 0.000000000000000000e+00
8.495000000000000000e+03 0.000000000000000000e+00
8.496000000000000000e+03 0.000000000000000000e+00
8.497000000000000000e+03 0.000000000000000000e+00
8.498000000000000000e+03 0.000000000000000000e+00
8.499000000000000000e+03 0.000000000000000000e+00
8.500000000000000000e+03 1.000000000000000000e+00
8.501002004008016229e+03 1.000000000000000000e+00
8.502004008016032458e+03 1.000000000000000000e+00
8.503006012024048687e+03 1.000000000000000000e+00
8.504008016032064916e+03 1.000000000000000000e+00
8.505010020040079326e+03 1.000000000000000000e+00
8.506012024048095554e+03 1.000000000000000000e+00
8.507014028056111783e+03 1.000000000000000000e+00
8.508016032064128012e+03 1.000000000000000000e+00
8.509018036072144241e+03 1.000000000000000000e+00
8.510020040080160470e+03 1.000000000000000000e+00
8.511022044088176699e+03 1.000000000000000000e+00
8.512024048096192928e+03 1.000000000000000000e+00
8.513026052104209157e+03 1.000000000000000000e+00
8.514028056112223567e+03 1.000000000000000000e+00
8.515030060120239796e+03 1.000000000000000000e+00
8.516032064128256025e+03 1.000000000000000000e+00
8.517034068136272253e+03 1.000000000000000000e+00
8.518036072144288482e+03 1.000000000000000000e+00
8.519038076152304711e+03 1.000000000000000000e+00
8.520040080160320940e+03 1.000000000000000000e+00
8.521042084168337169e+03 1.000000000000000000e+00
8.522044088176353398e+03 1.000000000000000000e+00
8.523046092184369627e+03 1.000000000000000000e+00
8.524048096192384037e+03 1.000000000000000000e+00
8.525050100200400266e+03 1.000000000000000000e+00
8.526052104208416495e+03 1.000000000000000000e+00
8.527054108216432724e+03 1.000000000000000000e+00
8.528056112224448952e+03 1.000000000000000000e+00
8.529058116232465181e+03 1.000000000000000000e+00
8.530060120240481410e+03 1.000000000000000000e+00
8.531062124248497639e+03 1.000000000000000000e+00
8.532064128256513868e+03 1.000000000000000000e+00
8.533066132264528278e+03 1.000000000000000000e+00
8.534068136272544507e+03 1.000000000000000000e+00
8.535070140280560736e+03 1.000000000000000000e+00
8.536072144288576965e+03 1.000000000000000000e+00
8.537074148296593194e+03 1.000000000000000000e+00
8.538076152304609423e+03 1.000000000000000000e+00
8.539078156312625651e+03 1.000000000000000000e+00
8.540080160320641880e+03 1.000000000000000000e+00
8.541082164328658109e+03 1.000000000000000000e+00
8.542084168336672519e+03 1.000000000000000000e+00
8.543086172344688748e+03 1.000000000000000000e+00
8.544088176352704977e+03 1.000000000000000000e+00
8.545090180360721206e+03 1.000000000000000000e+00
8.546092184368737435e+03 1.000000000000000000e+00
8.547094188376753664e+03 1.000000000000000000e+00
8.548096192384769893e+03 1.000000000000000000e+00
8.549098196392786122e+03 1.000000000000000000e+00
8.550100200400802350e+03 1.000000000000000000e+00
8.551102204408816760e+03 1.000000000000000000e+00
8.552104208416832989e+03 1.000000000000000000e+00
8.553106212424849218e+03 1.000000000000000000e+00
8.554108216432865447e+03 1.000000000000000000e+00
8.555110220440881676e+03 1.000000000000000000e+00
8.556112224448897905e+03 1.000000000000000000e+00
8.557114228456914134e+03 1.000000000000000000e+00
8.558116232464930363e+03 1.000000000000000000e+00
8.559118236472946592e+03 1.000000000000000000e+00
8.560120240480962821e+03 1.000000000000000000e+00
8.561122244488977231e+03 1.000000000000000000e+00
8.562124248496993459e+03 1.000000000000000000e+00
8.563126252505009688e+03 1.000000000000000000e+00
8.564128256513025917e+03 1.000000000000000000e+00
8.565130260521042146e+03 1.000000000000000000e+00
8.566132264529058375e+03 1.000000000000000000e+00
8.567134268537074604e+03 1.000000000000000000e+00
8.568136272545090833e+03 1.000000000000000000e+00
8.569138276553107062e+03 1.000000000000000000e+00
8.570140280561121472e+03 1.000000000000000000e+00
8.571142284569137701e+03 1.000000000000000000e+00
8.572144288577153930e+03 1.000000000000000000e+00
8.573146292585170158e+03 1.000000000000000000e+00
8.574148296593186387e+03 1.000000000000000000e+00
8.575150300601202616e+03 1.000000000000000000e+00
8.576152304609218845e+03 1.000000000000000000e+00
8.577154308617235074e+03 1.000000000000000000e+00
8.578156312625251303e+03 1.000000000000000000e+00
8.579158316633265713e+03 1.000000000000000000e+00
8.580160320641281942e+03 1.000000000000000000e+00
8.581162324649298171e+03 1.000000000000000000e+00
8.582164328657314400e+03 1.000000000000000000e+00
8.583166332665330629e+03 1.000000000000000000e+00
8.584168336673346857e+03 1.000000000000000000e+00
8.585170340681363086e+03 1.000000000000000000e+00
8.586172344689379315e+03 1.000000000000000000e+00
8.587174348697395544e+03 1.000000000000000000e+00
8.588176352705409954e+03 1.000000000000000000e+00
8.589178356713426183e+03 1.000000000000000000e+00
8.590180360721442412e+03 1.000000000000000000e+00
8.591182364729458641e+03 1.000000000000000000e+00
8.592184368737474870e+03 1.000000000000000000e+00
8.593186372745491099e+03 1.000000000000000000e+00
8.594188376753507328e+03 1.000000000000000000e+00
8.595190380761523556e+03 1.000000000000000000e+00
8.596192384769539785e+03 1.000000000000000000e+00
8.597194388777556014e+03 1.000000000000000000e+00
8.598196392785570424e+03 1.000000000000000000e+00
8.599198396793586653e+03 1.000000000000000000e+00
8.600200400801602882e+03 1.000000000000000000e+00
8.601202404809619111e+03 1.000000000000000000e+00
8.602204408817635340e+03 1.000000000000000000e+00
8.603206412825651569e+03 1.000000000000000000e+00
8.604208416833667798e+03 1.000000000000000000e+00
8.605210420841684027e+03 1.000000000000000000e+00
8.606212424849700255e+03 1.000000000000000000e+00
8.607214428857714665e+03 1.000000000000000000e+00
8.608216432865730894e+03 1.000000000000000000e+00
8.609218436873747123e+03 1.000000000000000000e+00
8.610220440881763352e+03 1.000000000000000000e+00
8.611222444889779581e+03 1.000000000000000000e+00
8.612224448897795810e+03 1.000000000000000000e+00
8.613226452905812039e+03 1.000000000000000000e+00
8.614228456913828268e+03 1.000000000000000000e+00
8.615230460921844497e+03 1.000000000000000000e+00
8.616232464929858907e+03 1.000000000000000000e+00
8.617234468937875135e+03 1.000000000000000000e+00
8.618236472945891364e+03 1.000000000000000000e+00
8.619238476953907593e+03 1.000000000000000000e+00
8.620240480961923822e+03 1.000000000000000000e+00
8.621242484969940051e+03 1.000000000000000000e+00
8.622244488977956280e+03 1.000000000000000000e+00
8.623246492985972509e+03 1.000000000000000000e+00
8.624248496993988738e+03 1.000000000000000000e+00
8.625250501002003148e+03 1.000000000000000000e+00
8.626252505010019377e+03 1.000000000000000000e+00
8.627254509018035606e+03 1.000000000000000000e+00
8.628256513026051834e+03 1.000000000000000000e+00
8.629258517034068063e+03 1.000000000000000000e+00
8.630260521042084292e+03 1.000000000000000000e+00
8.631262525050100521e+03 1.000000000000000000e+00
8.632264529058116750e+03 1.000000000000000000e+00
8.633266533066132979e+03 1.000000000000000000e+00
8.634268537074147389e+03 1.000000000000000000e+00
8.635270541082163618e+03 1.000000000000000000e+00
8.636272545090179847e+03 1.000000000000000000e+00
8.637274549098196076e+03 1.000000000000000000e+00
8.638276553106212305e+03 1.000000000000000000e+00
8.639278557114228533e+03 1.000000000000000000e+00
8.640280561122244762e+03 1.000000000000000000e+00
8.641282565130260991e+03 1.000000000000000000e+00
8.642284569138277220e+03 1.000000000000000000e+00
8.643286573146293449e+03 1.000000000000000000e+00
8.644288577154307859e+03 1.000000000000000000e+00
8.645290581162324088e+03 1.000000000000000000e+00
8.646292585170340317e+03 1.000000000000000000e+00
8.647294589178356546e+03 1.000000000000000000e+00
8.648296593186372775e+03 1.000000000000000000e+00
8.649298597194389004e+03 1.000000000000000000e+00
8.650300601202405232e+03 1.000000000000000000e+00
8.651302605210421461e+03 1.000000000000000000e+00
8.652304609218437690e+03 1.000000000000000000e+00
8.653306613226452100e+03 1.000000000000000000e+00
8.654308617234468329e+03 1.000000000000000000e+00
8.655310621242484558e+03 1.000000000000000000e+00
8.656312625250500787e+03 1.000000000000000000e+00
8.657314629258517016e+03 1.000000000000000000e+00
8.658316633266533245e+03 1.000000000000000000e+00
8.659318637274549474e+03 1.000000000000000000e+00
8.660320641282565703e+03 1.000000000000000000e+00
8.661322645290581931e+03 1.000000000000000000e+00
8.662324649298596341e+03 1.000000000000000000e+00
8.663326653306612570e+03 1.000000000000000000e+00
8.664328657314628799e+03 1.000000000000000000e+00
8.665330661322645028e+03 1.000000000000000000e+00
8.666332665330661257e+03 1.000000000000000000e+00
8.667334669338677486e+03 1.000000000000000000e+00
8.668336673346693715e+03 1.000000000000000000e+00
8.669338677354709944e+03 1.000000000000000000e+00
8.670340681362726173e+03 1.000000000000000000e+00
8.671342685370740583e+03 1.000000000000000000e+00
8.672344689378756811e+03 1.000000000000000000e+00
8.673346693386773040e+03 1.000000000000000000e+00
8.674348697394789269e+03 1.000000000000000000e+00
8.675350701402805498e+03 1.000000000000000000e+00
8.676352705410821727e+03 1.000000000000000000e+00
8.677354709418837956e+03 1.000000000000000000e+00
8.678356713426854185e+03 1.000000000000000000e+00
8.679358717434870414e+03 1.000000000000000000e+00
8.680360721442886643e+03 1.000000000000000000e+00
8.681362725450901053e+03 1.000000000000000000e+00
8.682364729458917282e+03 1.000000000000000000e+00
8.683366733466933510e+03 1.000000000000000000e+00
8.684368737474949739e+03 1.000000000000000000e+00
8.685370741482965968e+03 1.000000000000000000e+00
8.686372745490982197e+03 1.000000000000000000e+00
8.687374749498998426e+03 1.000000000000000000e+00
8.688376753507014655e+03 1.000000000000000000e+00
8.689378757515030884e+03 1.000000000000000000e+00
8.690380761523045294e+03 1.000000000000000000e+00
8.691382765531061523e+03 1.000000000000000000e+00
8.692384769539077752e+03 1.000000000000000000e+00
8.693386773547093981e+03 1.000000000000000000e+00
8.694388777555110210e+03 1.000000000000000000e+00
8.695390781563126438e+03 1.000000000000000000e+00
8.696392785571142667e+03 1.000000000000000000e+00
8.697394789579158896e+03 1.000000000000000000e+00
8.698396793587175125e+03 1.000000000000000000e+00
8.699398797595189535e+03 1.000000000000000000e+00
8.700400801603205764e+03 1.000000000000000000e+00
8.701402805611221993e+03 1.000000000000000000e+00
8.702404809619238222e+03 1.000000000000000000e+00
8.703406813627254451e+03 1.000000000000000000e+00
8.704408817635270680e+03 1.000000000000000000e+00
8.705410821643286909e+03 1.000000000000000000e+00
8.706412825651303137e+03 1.000000000000000000e+00
8.707414829659319366e+03 1.000000000000000000e+00
8.708416833667333776e+03 1.000000000000000000e+00
8.709418837675350005e+03 1.000000000000000000e+00
8.710420841683366234e+03 1.000000000000000000e+00
8.711422845691382463e+03 1.000000000000000000e+00
8.712424849699398692e+03 1.000000000000000000e+00
8.713426853707414921e+03 1.000000000000000000e+00
8.714428857715431150e+03 1.000000000000000000e+00
8.715430861723447379e+03 1.000000000000000000e+00
8.716432865731463608e+03 1.000000000000000000e+00
8.717434869739478017e+03 1.000000000000000000e+00
8.718436873747494246e+03 1.000000000000000000e+00
8.719438877755510475e+03 1.000000000000000000e+00
8.720440881763526704e+03 1.000000000000000000e+00
8.721442885771542933e+03 1.000000000000000000e+00
8.722444889779559162e+03 1.000000000000000000e+00
8.723446893787575391e+03 1.000000000000000000e+00
8.724448897795591620e+03 1.000000000000000000e+00
8.725450901803607849e+03 1.000000000000000000e+00
8.726452905811624078e+03 1.000000000000000000e+00
8.727454909819638488e+03 1.000000000000000000e+00
8.728456913827654716e+03 1.000000000000000000e+00
8.729458917835670945e+03 1.000000000000000000e+00
8.730460921843687174e+03 1.000000000000000000e+00
8.731462925851703403e+03 1.000000000000000000e+00
8.732464929859719632e+03 1.000000000000000000e+00
8.733466933867735861e+03 1.000000000000000000e+00
8.734468937875752090e+03 1.000000000000000000e+00
8.735470941883768319e+03 1.000000000000000000e+00
8.736472945891782729e+03 1.000000000000000000e+00
8.737474949899798958e+03 1.000000000000000000e+00
8.738476953907815187e+03 1.000000000000000000e+00
8.739478957915831415e+03 1.000000000000000000e+00
8.740480961923847644e+03 1.000000000000000000e+00
8.741482965931863873e+03 1.000000000000000000e+00
8.742484969939880102e+03 1.000000000000000000e+00
8.743486973947896331e+03 1.000000000000000000e+00
8.744488977955912560e+03 1.000000000000000000e+00
8.745490981963926970e+03 1.000000000000000000e+00
8.746492985971943199e+03 1.000000000000000000e+00
8.747494989979959428e+03 1.000000000000000000e+00
8.748496993987975657e+03 1.000000000000000000e+00
8.749498997995991886e+03 1.000000000000000000e+00
8.750501002004008114e+03 1.000000000000000000e+00
8.751503006012024343e+03 1.000000000000000000e+00
8.752505010020040572e+03 1.000000000000000000e+00
8.753507014028056801e+03 1.000000000000000000e+00
8.754509018036071211e+03 1.000000000000000000e+00
8.755511022044087440e+03 1.000000000000000000e+00
8.756513026052103669e+03 1.000000000000000000e+00
8.757515030060119898e+03 1.000000000000000000e+00
8.758517034068136127e+03 1.000000000000000000e+00
8.759519038076152356e+03 1.000000000000000000e+00
8.760521042084168585e+03 1.000000000000000000e+00
8.761523046092184813e+03 1.000000000000000000e+00
8.762525050100201042e+03 1.000000000000000000e+00
8.763527054108217271e+03 1.000000000000000000e+00
8.764529058116231681e+03 1.000000000000000000e+00
8.765531062124247910e+03 1.000000000000000000e+00
8.766533066132264139e+03 1.000000000000000000e+00
8.767535070140280368e+03 1.000000000000000000e+00
8.768537074148296597e+03 1.000000000000000000e+00
8.769539078156312826e+03 1.000000000000000000e+00
8.770541082164329055e+03 1.000000000000000000e+00
8.771543086172345284e+03 1.000000000000000000e+00
8.772545090180361512e+03 1.000000000000000000e+00
8.773547094188375922e+03 1.000000000000000000e+00
8.774549098196392151e+03 1.000000000000000000e+00
8.775551102204408380e+03 1.000000000000000000e+00
8.776553106212424609e+03 1.000000000000000000e+00
8.777555110220440838e+03 1.000000000000000000e+00
8.778557114228457067e+03 1.000000000000000000e+00
8.779559118236473296e+03 1.000000000000000000e+00
8.780561122244489525e+03 1.000000000000000000e+00
8.781563126252505754e+03 1.000000000000000000e+00
8.782565130260520164e+03 1.000000000000000000e+00
8.783567134268536392e+03 1.000000000000000000e+00
8.784569138276552621e+03 1.000000000000000000e+00
8.785571142284568850e+03 1.000000000000000000e+00
8.786573146292585079e+03 1.000000000000000000e+00
8.787575150300601308e+03 1.000000000000000000e+00
8.788577154308617537e+03 1.000000000000000000e+00
8.789579158316633766e+03 1.000000000000000000e+00
8.790581162324649995e+03 1.000000000000000000e+00
8.791583166332664405e+03 1.000000000000000000e+00
8.792585170340680634e+03 1.000000000000000000e+00
8.793587174348696863e+03 1.000000000000000000e+00
8.794589178356713091e+03 1.000000000000000000e+00
8.795591182364729320e+03 1.000000000000000000e+00
8.796593186372745549e+03 1.000000000000000000e+00
8.797595190380761778e+03 1.000000000000000000e+00
8.798597194388778007e+03 1.000000000000000000e+00
8.799599198396794236e+03 1.000000000000000000e+00
8.800601202404810465e+03 1.000000000000000000e+00
8.801603206412824875e+03 1.000000000000000000e+00
8.802605210420841104e+03 1.000000000000000000e+00
8.803607214428857333e+03 1.000000000000000000e+00
8.804609218436873562e+03 1.000000000000000000e+00
8.805611222444889790e+03 1.000000000000000000e+00
8.806613226452906019e+03 1.000000000000000000e+00
8.807615230460922248e+03 1.000000000000000000e+00
8.808617234468938477e+03 1.000000000000000000e+00
8.809619238476954706e+03 1.000000000000000000e+00
8.810621242484969116e+03 1.000000000000000000e+00
8.811623246492985345e+03 1.000000000000000000e+00
8.812625250501001574e+03 1.000000000000000000e+00
8.813627254509017803e+03 1.000000000000000000e+00
8.814629258517034032e+03 1.000000000000000000e+00
8.815631262525050261e+03 1.000000000000000000e+00
8.816633266533066490e+03 1.000000000000000000e+00
8.817635270541082718e+03 1.000000000000000000e+00
8.818637274549098947e+03 1.000000000000000000e+00
8.819639278557113357e+03 1.000000000000000000e+00
8.820641282565129586e+03 1.000000000000000000e+00
8.821643286573145815e+03 1.000000000000000000e+00
8.822645290581162044e+03 1.000000000000000000e+00
8.823647294589178273e+03 1.000000000000000000e+00
8.824649298597194502e+03 1.000000000000000000e+00
8.825651302605210731e+03 1.000000000000000000e+00
8.826653306613226960e+03 1.000000000000000000e+00
8.827655310621243189e+03 1.000000000000000000e+00
8.828657314629257598e+03 1.000000000000000000e+00
8.829659318637273827e+03 1.000000000000000000e+00
8.830661322645290056e+03 1.000000000000000000e+00
8.831663326653306285e+03 1.000000000000000000e+00
8.832665330661322514e+03 1.000000000000000000e+00
8.833667334669338743e+03 1.000000000000000000e+00
8.834669338677354972e+03 1.000000000000000000e+00
8.835671342685371201e+03 1.000000000000000000e+00
8.836673346693387430e+03 1.000000000000000000e+00
8.837675350701403659e+03 1.000000000000000000e+00
8.838677354709418069e+03 1.000000000000000000e+00
8.839679358717434297e+03 1.000000000000000000e+00
8.840681362725450526e+03 1.000000000000000000e+00
8.841683366733466755e+03 1.000000000000000000e+00
8.842685370741482984e+03 1.000000000000000000e+00
8.843687374749499213e+03 1.000000000000000000e+00
8.844689378757515442e+03 1.000000000000000000e+00
8.845691382765531671e+03 1.000000000000000000e+00
8.846693386773547900e+03 1.000000000000000000e+00
8.847695390781562310e+03 1.000000000000000000e+00
8.848697394789578539e+03 1.000000000000000000e+00
8.849699398797594768e+03 1.000000000000000000e+00
8.850701402805610996e+03 1.000000000000000000e+00
8.851703406813627225e+03 1.000000000000000000e+00
8.852705410821643454e+03 1.000000000000000000e+00
8.853707414829659683e+03 1.000000000000000000e+00
8.854709418837675912e+03 1.000000000000000000e+00
8.855711422845692141e+03 1.000000000000000000e+00
8.856713426853706551e+03 1.000000000000000000e+00
8.857715430861722780e+03 1.000000000000000000e+00
8.858717434869739009e+03 1.000000000000000000e+00
8.859719438877755238e+03 1.000000000000000000e+00
8.860721442885771467e+03 1.000000000000000000e+00
8.861723446893787695e+03 1.000000000000000000e+00
8.862725450901803924e+03 1.000000000000000000e+00
8.863727454909820153e+03 1.000000000000000000e+00
8.864729458917836382e+03 1.000000000000000000e+00
8.865731462925850792e+03 1.000000000000000000e+00
8.866733466933867021e+03 1.000000000000000000e+00
8.867735470941883250e+03 1.000000000000000000e+00
8.868737474949899479e+03 1.000000000000000000e+00
8.869739478957915708e+03 1.000000000000000000e+00
8.870741482965931937e+03 1.000000000000000000e+00
8.871743486973948166e+03 1.000000000000000000e+00
8.872745490981964394e+03 1.000000000000000000e+00
8.873747494989980623e+03 1.000000000000000000e+00
8.874749498997996852e+03 1.000000000000000000e+00
8.875751503006011262e+03 1.000000000000000000e+00
8.876753507014027491e+03 1.000000000000000000e+00
8.877755511022043720e+03 1.000000000000000000e+00
8.878757515030059949e+03 1.000000000000000000e+00
8.879759519038076178e+03 1.000000000000000000e+00
8.880761523046092407e+03 1.000000000000000000e+00
8.881763527054108636e+03 1.000000000000000000e+00
8.882765531062124865e+03 1.000000000000000000e+00
8.883767535070141093e+03 1.000000000000000000e+00
8.884769539078155503e+03 1.000000000000000000e+00
8.885771543086171732e+03 1.000000000000000000e+00
8.886773547094187961e+03 1.000000000000000000e+00
8.887775551102204190e+03 1.000000000000000000e+00
8.888777555110220419e+03 1.000000000000000000e+00
8.889779559118236648e+03 1.000000000000000000e+00
8.890781563126252877e+03 1.000000000000000000e+00
8.891783567134269106e+03 1.000000000000000000e+00
8.892785571142285335e+03 1.000000000000000000e+00
8.893787575150299745e+03 1.000000000000000000e+00
8.894789579158315973e+03 1.000000000000000000e+00
8.895791583166332202e+03 1.000000000000000000e+00
8.896793587174348431e+03 1.000000000000000000e+00
8.897795591182364660e+03 1.000000000000000000e+00
8.898797595190380889e+03 1.000000000000000000e+00
8.899799599198397118e+03 1.000000000000000000e+00
8.900801603206413347e+03 1.000000000000000000e+00
8.901803607214429576e+03 1.000000000000000000e+00
8.902805611222443986e+03 1.000000000000000000e+00
8.903807615230460215e+03 1.000000000000000000e+00
8.904809619238476444e+03 1.000000000000000000e+00
8.905811623246492672e+03 1.000000000000000000e+00
8.906813627254508901e+03 1.000000000000000000e+00
8.907815631262525130e+03 1.000000000000000000e+00
8.908817635270541359e+03 1.000000000000000000e+00
8.909819639278557588e+03 1.000000000000000000e+00
8.910821643286573817e+03 1.000000000000000000e+00
8.911823647294590046e+03 1.000000000000000000e+00
8.912825651302604456e+03 1.000000000000000000e+00
8.913827655310620685e+03 1.000000000000000000e+00
8.914829659318636914e+03 1.000000000000000000e+00
8.915831663326653143e+03 1.000000000000000000e+00
8.916833667334669371e+03 1.000000000000000000e+00
8.917835671342685600e+03 1.000000000000000000e+00
8.918837675350701829e+03 1.000000000000000000e+00
8.919839679358718058e+03 1.000000000000000000e+00
8.920841683366734287e+03 1.000000000000000000e+00
8.921843687374748697e+03 1.000000000000000000e+00
8.922845691382764926e+03 1.000000000000000000e+00
8.923847695390781155e+03 1.000000000000000000e+00
8.924849699398797384e+03 1.000000000000000000e+00
8.925851703406813613e+03 1.000000000000000000e+00
8.926853707414829842e+03 1.000000000000000000e+00
8.927855711422846070e+03 1.000000000000000000e+00
8.928857715430862299e+03 1.000000000000000000e+00
8.929859719438878528e+03 1.000000000000000000e+00
8.930861723446892938e+03 1.000000000000000000e+00
8.931863727454909167e+03 1.000000000000000000e+00
8.932865731462925396e+03 1.000000000000000000e+00
8.933867735470941625e+03 1.000000000000000000e+00
8.934869739478957854e+03 1.000000000000000000e+00
8.935871743486974083e+03 1.000000000000000000e+00
8.936873747494990312e+03 1.000000000000000000e+00
8.937875751503006541e+03 1.000000000000000000e+00
8.938877755511022769e+03 1.000000000000000000e+00
8.939879759519037179e+03 1.000000000000000000e+00
8.940881763527053408e+03 1.000000000000000000e+00
8.941883767535069637e+03 1.000000000000000000e+00
8.942885771543085866e+03 1.000000000000000000e+00
8.943887775551102095e+03 1.000000000000000000e+00
8.944889779559118324e+03 1.000000000000000000e+00
8.945891783567134553e+03 1.000000000000000000e+00
8.946893787575150782e+03 1.000000000000000000e+00
8.947895791583167011e+03 1.000000000000000000e+00
8.948897795591183240e+03 1.000000000000000000e+00
8.949899799599197650e+03 1.000000000000000000e+00
8.950901803607213878e+03 1.000000000000000000e+00
8.951903807615230107e+03 1.000000000000000000e+00
8.952905811623246336e+03 1.000000000000000000e+00
8.953907815631262565e+03 1.000000000000000000e+00
8.954909819639278794e+03 1.000000000000000000e+00
8.955911823647295023e+03 1.000000000000000000e+00
8.956913827655311252e+03 1.000000000000000000e+00
8.957915831663327481e+03 1.000000000000000000e+00
8.958917835671341891e+03 1.000000000000000000e+00
8.959919839679358120e+03 1.000000000000000000e+00
8.960921843687374349e+03 1.000000000000000000e+00
8.961923847695390577e+03 1.000000000000000000e+00
8.962925851703406806e+03 1.000000000000000000e+00
8.963927855711423035e+03 1.000000000000000000e+00
8.964929859719439264e+03 1.000000000000000000e+00
8.965931863727455493e+03 1.000000000000000000e+00
8.966933867735471722e+03 1.000000000000000000e+00
8.967935871743486132e+03 1.000000000000000000e+00
8.968937875751502361e+03 1.000000000000000000e+00
8.969939879759518590e+03 1.000000000000000000e+00
8.970941883767534819e+03 1.000000000000000000e+00
8.971943887775551048e+03 1.000000000000000000e+00
8.972945891783567276e+03 1.000000000000000000e+00
8.973947895791583505e+03 1.000000000000000000e+00
8.974949899799599734e+03 1.000000000000000000e+00
8.975951903807615963e+03 1.000000000000000000e+00
8.976953907815630373e+03 1.000000000000000000e+00
8.977955911823646602e+03 1.000000000000000000e+00
8.978957915831662831e+03 1.000000000000000000e+00
8.979959919839679060e+03 1.000000000000000000e+00
8.980961923847695289e+03 1.000000000000000000e+00
8.981963927855711518e+03 1.000000000000000000e+00
8.982965931863727747e+03 1.000000000000000000e+00
8.983967935871743975e+03 1.000000000000000000e+00
8.984969939879760204e+03 1.000000000000000000e+00
8.985971943887776433e+03 1.000000000000000000e+00
8.986973947895790843e+03 1.000000000000000000e+00
8.987975951903807072e+03 1.000000000000000000e+00
8.988977955911823301e+03 1.000000000000000000e+00
8.989979959919839530e+03 1.000000000000000000e+00
8.990981963927855759e+03 1.000000000000000000e+00
8.991983967935871988e+03 1.000000000000000000e+00
8.992985971943888217e+03 1.000000000000000000e+00
8.993987975951904446e+03 1.000000000000000000e+00
8.994989979959918855e+03 1.000000000000000000e+00
8.995991983967935084e+03 1.000000000000000000e+00
8.996993987975951313e+03 1.000000000000000000e+00
8.997995991983967542e+03 1.000000000000000000e+00
8.998997995991983771e+03 1.000000000000000000e+00
9.000000000000000000e+03 1.000000000000000000e+00
9.001000000000000000e+03 0.000000000000000000e+00
9.002000000000000000e+03 0.000000000000000000e+00
9.003000000000000000e+03 0.000000000000000000e+00
9.004000000000000000e+03 0.000000000000000000e+00
9.005000000000000000e+03 0.000000000000000000e+00
9.006000000000000000e+03 0.000000000000000000e+00
9.007000000000000000e+03 0.000000000000000000e+00
9.008000000000000000e+03 0.000000000000000000e+00
9.009000000000000000e+03 0.000000000000000000e+00
9.010000000000000000e+03 0.000000000000000000e+00
9.011000000000000000e+03 0.000000000000000000e+00
9.012000000000000000e+03 0.000000000000000000e+00
9.013000000000000000e+03 0.000000000000000000e+00
9.014000000000000000e+03 0.000000000000000000e+00
9.015000000000000000e+03 0.000000000000000000e+00
9.016000000000000000e+03 0.000000000000000000e+00
9.017000000000000000e+03 0.000000000000000000e+00
9.018000000000000000e+03 0.000000000000000000e+00
9.019000000000000000e+03 0.000000000000000000e+00
9.020000000000000000e+03 0.000000000000000000e+00
9.021000000000000000e+03 0.000000000000000000e+00
9.022000000000000000e+03 0.000000000000000000e+00
9.023000000000000000e+03 0.000000000000000000e+00
9.024000000000000000e+03 0.000000000000000000e+00
9.025000000000000000e+03 0.000000000000000000e+00
9.026000000000000000e+03 0.000000000000000000e+00
9.027000000000000000e+03 0.000000000000000000e+00
9.028000000000000000e+03 0.000000000000000000e+00
9.029000000000000000e+03 0.000000000000000000e+00
9.030000000000000000e+03 0.000000000000000000e+00
9.031000000000000000e+03 0.000000000000000000e+00
9.032000000000000000e+03 0.000000000000000000e+00
9.033000000000000000e+03 0.000000000000000000e+00
9.034000000000000000e+03 0.000000000000000000e+00
9.035000000000000000e+03 0.000000000000000000e+00
9.036000000000000000e+03 0.000000000000000000e+00
9.037000000000000000e+03 0.000000000000000000e+00
9.038000000000000000e+03 0.000000000000000000e+00
9.039000000000000000e+03 0.000000000000000000e+00
9.040000000000000000e+03 0.000000000000000000e+00
9.041000000000000000e+03 0.000000000000000000e+00
9.042000000000000000e+03 0.000000000000000000e+00
9.043000000000000000e+03 0.000000000000000000e+00
9.044000000000000000e+03 0.000000000000000000e+00
9.045000000000000000e+03 0.000000000000000000e+00
9.046000000000000000e+03 0.000000000000000000e+00
9.047000000000000000e+03 0.000000000000000000e+00
9.048000000000000000e+03 0.000000000000000000e+00
9.049000000000000000e+03 0.000000000000000000e+00
9.050000000000000000e+03 0.000000000000000000e+00
9.051000000000000000e+03 0.000000000000000000e+00
9.052000000000000000e+03 0.000000000000000000e+00
9.053000000000000000e+03 0.000000000000000000e+00
9.054000000000000000e+03 0.000000000000000000e+00
9.055000000000000000e+03 0.000000000000000000e+00
9.056000000000000000e+03 0.000000000000000000e+00
9.057000000000000000e+03 0.000000000000000000e+00
9.058000000000000000e+03 0.000000000000000000e+00
9.059000000000000000e+03 0.000000000000000000e+00
9.060000000000000000e+03 0.000000000000000000e+00
9.061000000000000000e+03 0.000000000000000000e+00
9.062000000000000000e+03 0.000000000000000000e+00
9.063000000000000000e+03 0.000000000000000000e+00
9.064000000000000000e+03 0.000000000000000000e+00
9.065000000000000000e+03 0.000000000000000000e+00
9.066000000000000000e+03 0.000000000000000000e+00
9.067000000000000000e+03 0.000000000000000000e+00
9.068000000000000000e+03 0.000000000000000000e+00
9.069000000000000000e+03 0.000000000000000000e+00
9.070000000000000000e+03 0.000000000000000000e+00
9.071000000000000000e+03 0.000000000000000000e+00
9.072000000000000000e+03 0.000000000000000000e+00
9.073000000000000000e+03 0.000000000000000000e+00
9.074000000000000000e+03 0.000000000000000000e+00
9.075000000000000000e+03 0.000000000000000000e+00
9.076000000000000000e+03 0.000000000000000000e+00
9.077000000000000000e+03 0.000000000000000000e+00
9.078000000000000000e+03 0.000000000000000000e+00
9.079000000000000000e+03 0.000000000000000000e+00
9.080000000000000000e+03 0.000000000000000000e+00
9.081000000000000000e+03 0.000000000000000000e+00
9.082000000000000000e+03 0.000000000000000000e+00
9.083000000000000000e+03 0.000000000000000000e+00
9.084000000000000000e+03 0.000000000000000000e+00
9.085000000000000000e+03 0.000000000000000000e+00
9.086000000000000000e+03 0.000000000000000000e+00
9.087000000000000000e+03 0.000000000000000000e+00
9.088000000000000000e+03 0.000000000000000000e+00
9.089000000000000000e+03 0.000000000000000000e+00
9.090000000000000000e+03 0.000000000000000000e+00
9.091000000000000000e+03 0.000000000000000000e+00
9.092000000000000000e+03 0.000000000000000000e+00
9.093000000000000000e+03 0.000000000000000000e+00
9.094000000000000000e+03 0.000000000000000000e+00
9.095000000000000000e+03 0.000000000000000000e+00
9.096000000000000000e+03 0.000000000000000000e+00
9.097000000000000000e+03 0.000000000000000000e+00
9.098000000000000000e+03 0.000000000000000000e+00
9.099000000000000000e+03 0.000000000000000000e+00
9.100000000000000000e+03 0.000000000000000000e+00
