7.000000000000000000e+03 0.000000000000000000e+00
7.001000000000000000e+03 0.000000000000000000e+00
7.002000000000000000e+03 0.000000000000000000e+00
7.003000000000000000e+03 0.000000000000000000e+00
7.004000000000000000e+03 0.000000000000000000e+00
7.005000000000000000e+03 0.000000000000000000e+00
7.006000000000000000e+03 0.000000000000000000e+00
7.007000000000000000e+03 0.000000000000000000e+00
7.008000000000000000e+03 0.000000000000000000e+00
7.009000000000000000e+03 0.000000000000000000e+00
7.010000000000000000e+03 0.000000000000000000e+00
7.011000000000000000e+03 0.000000000000000000e+00
7.012000000000000000e+03 0.000000000000000000e+00
7.013000000000000000e+03 0.000000000000000000e+00
7.014000000000000000e+03 0.000000000000000000e+00
7.015000000000000000e+03 0.000000000000000000e+00
7.016000000000000000e+03 0.000000000000000000e+00
7.017000000000000000e+03 0.000000000000000000e+00
7.018000000000000000e+03 0.000000000000000000e+00
7.019000000000000000e+03 0.000000000000000000e+00
7.020000000000000000e+03 0.000000000000000000e+00
7.021000000000000000e+03 0.000000000000000000e+00
7.022000000000000000e+03 0.000000000000000000e+00
7.023000000000000000e+03 0.000000000000000000e+00
7.024000000000000000e+03 0.000000000000000000e+00
7.025000000000000000e+03 0.000000000000000000e+00
7.026000000000000000e+03 0.000000000000000000e+00
7.027000000000000000e+03 0.000000000000000000e+00
7.028000000000000000e+03 0.000000000000000000e+00
7.029000000000000000e+03 0.000000000000000000e+00
7.030000000000000000e+03 0.000000000000000000e+00
7.031000000000000000e+03 0.000000000000000000e+00
7.032000000000000000e+03 0.000000000000000000e+00
7.033000000000000000e+03 0.000000000000000000e+00
7.034000000000000000e+03 0.000000000000000000e+00
7.035000000000000000e+03 0.000000000000000000e+00
7.036000000000000000e+03 0.000000000000000000e+00
7.037000000000000000e+03 0.000000000000000000e+00
7.038000000000000000e+03 0.000000000000000000e+00
7.039000000000000000e+03 0.000000000000000000e+00
7.040000000000000000e+03 0.000000000000000000e+00
7.041000000000000000e+03 0.000000000000000000e+00
7.042000000000000000e+03 0.000000000000000000e+00
7.043000000000000000e+03 0.000000000000000000e+00
7.044000000000000000e+03 0.000000000000000000e+00
7.045000000000000000e+03 0.000000000000000000e+00
7.046000000000000000e+03 0.000000000000000000e+00
7.047000000000000000e+03 0.000000000000000000e+00
7.048000000000000000e+03 0.000000000000000000e+00
7.049000000000000000e+03 0.000000000000000000e+00
7.050000000000000000e+03 0.000000000000000000e+00
7.051000000000000000e+03 0.000000000000000000e+00
7.052000000000000000e+03 0.000000000000000000e+00
7.053000000000000000e+03 0.000000000000000000e+00
7.054000000000000000e+03 0.000000000000000000e+00
7.055000000000000000e+03 0.000000000000000000e+00
7.056000000000000000e+03 0.000000000000000000e+00
7.057000000000000000e+03 0.000000000000000000e+00
7.058000000000000000e+03 0.000000000000000000e+00
7.059000000000000000e+03 0.000000000000000000e+00
7.060000000000000000e+03 0.000000000000000000e+00
7.061000000000000000e+03 0.000000000000000000e+00
7.062000000000000000e+03 0.000000000000000000e+00
7.063000000000000000e+03 0.000000000000000000e+00
7.064000000000000000e+03 0.000000000000000000e+00
7.065000000000000000e+03 0.000000000000000000e+00
7.066000000000000000e+03 0.000000000000000000e+00
7.067000000000000000e+03 0.000000000000000000e+00
7.068000000000000000e+03 0.000000000000000000e+00
7.069000000000000000e+03 0.000000000000000000e+00
7.070000000000000000e+03 0.000000000000000000e+00
7.071000000000000000e+03 0.000000000000000000e+00
7.072000000000000000e+03 0.000000000000000000e+00
7.073000000000000000e+03 0.000000000000000000e+00
7.074000000000000000e+03 0.000000000000000000e+00
7.075000000000000000e+03 0.000000000000000000e+00
7.076000000000000000e+03 0.000000000000000000e+00
7.077000000000000000e+03 0.000000000000000000e+00
7.078000000000000000e+03 0.000000000000000000e+00
7.079000000000000000e+03 0.000000000000000000e+00
7.080000000000000000e+03 0.000000000000000000e+00
7.081000000000000000e+03 0.000000000000000000e+00
7.082000000000000000e+03 0.000000000000000000e+00
7.083000000000000000e+03 0.000000000000000000e+00
7.084000000000000000e+03 0.000000000000000000e+00
7.085000000000000000e+03 0.000000000000000000e+00
7.086000000000000000e+03 0.000000000000000000e+00
7.087000000000000000e+03 0.000000000000000000e+00
7.088000000000000000e+03 0.000000000000000000e+00
7.089000000000000000e+03 0.000000000000000000e+00
7.090000000000000000e+03 0.000000000000000000e+00
7.091000000000000000e+03 0.000000000000000000e+00
7.092000000000000000e+03 0.000000000000000000e+00
7.093000000000000000e+03 0.000000000000000000e+00
7.094000000000000000e+03 0.000000000000000000e+00
7.095000000000000000e+03 0.000000000000000000e+00
7.096000000000000000e+03 0.000000000000000000e+00
7.097000000000000000e+03 0.000000000000000000e+00
7.098000000000000000e+03 0.000000000000000000e+00
7.099000000000000000e+03 0.000000000000000000e+00
7.100000000000000000e+03 1.000000000000000000e+00
7.101002004008016229e+03 1.000000000000000000e+00
7.102004008016032458e+03 1.000000000000000000e+00
7.103006012024047777e+03 1.000000000000000000e+00
7.104008016032064006e+03 1.000000000000000000e+00
7.105010020040080235e+03 1.000000000000000000e+00
7.106012024048096464e+03 1.000000000000000000e+00
7.107014028056111783e+03 1.000000000000000000e+00
7.108016032064128012e+03 1.000000000000000000e+00
7.109018036072144241e+03 1.000000000000000000e+00
7.110020040080160470e+03 1.000000000000000000e+00
7.111022044088176699e+03 1.000000000000000000e+00
7.112024048096192018e+03 1.000000000000000000e+00
7.113026052104208247e+03 1.000000000000000000e+00
7.114028056112224476e+03 1.000000000000000000e+00
7.115030060120240705e+03 1.000000000000000000e+00
7.116032064128256934e+03 1.000000000000000000e+00
7.117034068136272253e+03 1.000000000000000000e+00
7.118036072144288482e+03 1.000000000000000000e+00
7.119038076152304711e+03 1.000000000000000000e+00
7.120040080160320940e+03 1.000000000000000000e+00
7.121042084168336260e+03 1.000000000000000000e+00
7.122044088176352489e+03 1.000000000000000000e+00
7.123046092184368717e+03 1.000000000000000000e+00
7.124048096192384946e+03 1.000000000000000000e+00
7.125050100200401175e+03 1.000000000000000000e+00
7.126052104208416495e+03 1.000000000000000000e+00
7.127054108216432724e+03 1.000000000000000000e+00
7.128056112224448952e+03 1.000000000000000000e+00
7.129058116232465181e+03 1.000000000000000000e+00
7.130060120240481410e+03 1.000000000000000000e+00
7.131062124248496730e+03 1.000000000000000000e+00
7.132064128256512959e+03 1.000000000000000000e+00
7.133066132264529188e+03 1.000000000000000000e+00
7.134068136272545416e+03 1.000000000000000000e+00
7.135070140280560736e+03 1.000000000000000000e+00
7.136072144288576965e+03 1.000000000000000000e+00
7.137074148296593194e+03 1.000000000000000000e+00
7.138076152304609423e+03 1.000000000000000000e+00
7.139078156312625651e+03 1.000000000000000000e+00
7.140080160320640971e+03 1.000000000000000000e+00
7.141082164328657200e+03 1.000000000000000000e+00
7.142084168336673429e+03 1.000000000000000000e+00
7.143086172344689658e+03 1.000000000000000000e+00
7.144088176352704977e+03 1.000000000000000000e+00
7.145090180360721206e+03 1.000000000000000000e+00
7.146092184368737435e+03 1.000000000000000000e+00
7.147094188376753664e+03 1.000000000000000000e+00
7.148096192384769893e+03 1.000000000000000000e+00
7.149098196392785212e+03 1.000000000000000000e+00
7.150100200400801441e+03 1.000000000000000000e+00
7.151102204408817670e+03 1.000000000000000000e+00
7.152104208416833899e+03 1.000000000000000000e+00
7.153106212424850128e+03 1.000000000000000000e+00
7.154108216432865447e+03 1.000000000000000000e+00
7.155110220440881676e+03 1.000000000000000000e+00
7.156112224448897905e+03 1.000000000000000000e+00
7.157114228456914134e+03 1.000000000000000000e+00
7.158116232464929453e+03 1.000000000000000000e+00
7.159118236472945682e+03 1.000000000000000000e+00
7.160120240480961911e+03 1.000000000000000000e+00
7.161122244488978140e+03 1.000000000000000000e+00
7.162124248496994369e+03 1.000000000000000000e+00
7.163126252505009688e+03 1.000000000000000000e+00
7.164128256513025917e+03 1.000000000000000000e+00
7.165130260521042146e+03 1.000000000000000000e+00
7.166132264529058375e+03 1.000000000000000000e+00
7.167134268537073694e+03 1.000000000000000000e+00
7.168136272545089923e+03 1.000000000000000000e+00
7.169138276553106152e+03 1.000000000000000000e+00
7.170140280561122381e+03 1.000000000000000000e+00
7.171142284569138610e+03 1.000000000000000000e+00
7.172144288577153930e+03 1.000000000000000000e+00
7.173146292585170158e+03 1.000000000000000000e+00
7.174148296593186387e+03 1.000000000000000000e+00
7.175150300601202616e+03 1.000000000000000000e+00
7.176152304609218845e+03 1.000000000000000000e+00
7.177154308617234165e+03 1.000000000000000000e+00
7.178156312625250393e+03 1.000000000000000000e+00
7.179158316633266622e+03 1.000000000000000000e+00
7.180160320641282851e+03 1.000000000000000000e+00
7.181162324649298171e+03 1.000000000000000000e+00
7.182164328657314400e+03 1.000000000000000000e+00
7.183166332665330629e+03 1.000000000000000000e+00
7.184168336673346857e+03 1.000000000000000000e+00
7.185170340681363086e+03 1.000000000000000000e+00
7.186172344689378406e+03 1.000000000000000000e+00
7.187174348697394635e+03 1.000000000000000000e+00
7.188176352705410864e+03 1.000000000000000000e+00
7.189178356713427092e+03 1.000000000000000000e+00
7.190180360721443321e+03 1.000000000000000000e+00
7.191182364729458641e+03 1.000000000000000000e+00
7.192184368737474870e+03 1.000000000000000000e+00
7.193186372745491099e+03 1.000000000000000000e+00
7.194188376753507328e+03 1.000000000000000000e+00
7.195190380761522647e+03 1.000000000000000000e+00
7.196192384769538876e+03 1.000000000000000000e+00
7.197194388777555105e+03 1.000000000000000000e+00
7.198196392785571334e+03 1.000000000000000000e+00
7.199198396793587563e+03 1.000000000000000000e+00
7.200200400801602882e+03 1.000000000000000000e+00
7.201202404809619111e+03 1.000000000000000000e+00
7.202204408817635340e+03 1.000000000000000000e+00
7.203206412825651569e+03 1.000000000000000000e+00
7.204208416833666888e+03 1.000000000000000000e+00
7.205210420841683117e+03 1.000000000000000000e+00
7.206212424849699346e+03 1.000000000000000000e+00
7.207214428857715575e+03 1.000000000000000000e+00
7.208216432865731804e+03 1.000000000000000000e+00
7.209218436873747123e+03 1.000000000000000000e+00
7.210220440881763352e+03 1.000000000000000000e+00
7.211222444889779581e+03 1.000000000000000000e+00
7.212224448897795810e+03 1.000000000000000000e+00
7.213226452905812039e+03 1.000000000000000000e+00
7.214228456913827358e+03 1.000000000000000000e+00
7.215230460921843587e+03 1.000000000000000000e+00
7.216232464929859816e+03 1.000000000000000000e+00
7.217234468937876045e+03 1.000000000000000000e+00
7.218236472945891364e+03 1.000000000000000000e+00
7.219238476953907593e+03 1.000000000000000000e+00
7.220240480961923822e+03 1.000000000000000000e+00
7.221242484969940051e+03 1.000000000000000000e+00
7.222244488977956280e+03 1.000000000000000000e+00
7.223246492985971599e+03 1.000000000000000000e+00
7.224248496993987828e+03 1.000000000000000000e+00
7.225250501002004057e+03 1.000000000000000000e+00
7.226252505010020286e+03 1.000000000000000000e+00
7.227254509018035606e+03 1.000000000000000000e+00
7.228256513026051834e+03 1.000000000000000000e+00
7.229258517034068063e+03 1.000000000000000000e+00
7.230260521042084292e+03 1.000000000000000000e+00
7.231262525050100521e+03 1.000000000000000000e+00
7.232264529058115841e+03 1.000000000000000000e+00
7.233266533066132070e+03 1.000000000000000000e+00
7.234268537074148298e+03 1.000000000000000000e+00
7.235270541082164527e+03 1.000000000000000000e+00
7.236272545090180756e+03 1.000000000000000000e+00
7.237274549098196076e+03 1.000000000000000000e+00
7.238276553106212305e+03 1.000000000000000000e+00
7.239278557114228533e+03 1.000000000000000000e+00
7.240280561122244762e+03 1.000000000000000000e+00
7.241282565130260082e+03 1.000000000000000000e+00
7.242284569138276311e+03 1.000000000000000000e+00
7.243286573146292540e+03 1.000000000000000000e+00
7.244288577154308769e+03 1.000000000000000000e+00
7.245290581162324997e+03 1.000000000000000000e+00
7.246292585170340317e+03 1.000000000000000000e+00
7.247294589178356546e+03 1.000000000000000000e+00
7.248296593186372775e+03 1.000000000000000000e+00
7.249298597194389004e+03 1.000000000000000000e+00
7.250300601202405232e+03 1.000000000000000000e+00
7.251302605210420552e+03 1.000000000000000000e+00
7.252304609218436781e+03 1.000000000000000000e+00
7.253306613226453010e+03 1.000000000000000000e+00
7.254308617234469239e+03 1.000000000000000000e+00
7.255310621242484558e+03 1.000000000000000000e+00
7.256312625250500787e+03 1.000000000000000000e+00
7.257314629258517016e+03 1.000000000000000000e+00
7.258316633266533245e+03 1.000000000000000000e+00
7.259318637274549474e+03 1.000000000000000000e+00
7.260320641282564793e+03 1.000000000000000000e+00
7.261322645290581022e+03 1.000000000000000000e+00
7.262324649298597251e+03 1.000000000000000000e+00
7.263326653306613480e+03 1.000000000000000000e+00
7.264328657314628799e+03 1.000000000000000000e+00
7.265330661322645028e+03 1.000000000000000000e+00
7.266332665330661257e+03 1.000000000000000000e+00
7.267334669338677486e+03 1.000000000000000000e+00
7.268336673346693715e+03 1.000000000000000000e+00
7.269338677354709034e+03 1.000000000000000000e+00
7.270340681362725263e+03 1.000000000000000000e+00
7.271342685370741492e+03 1.000000000000000000e+00
7.272344689378757721e+03 1.000000000000000000e+00
7.273346693386773950e+03 1.000000000000000000e+00
7.274348697394789269e+03 1.000000000000000000e+00
7.275350701402805498e+03 1.000000000000000000e+00
7.276352705410821727e+03 1.000000000000000000e+00
7.277354709418837956e+03 1.000000000000000000e+00
7.278356713426853275e+03 1.000000000000000000e+00
7.279358717434869504e+03 1.000000000000000000e+00
7.280360721442885733e+03 1.000000000000000000e+00
7.281362725450901962e+03 1.000000000000000000e+00
7.282364729458918191e+03 1.000000000000000000e+00
7.283366733466933510e+03 1.000000000000000000e+00
7.284368737474949739e+03 1.000000000000000000e+00
7.285370741482965968e+03 1.000000000000000000e+00
7.286372745490982197e+03 1.000000000000000000e+00
7.287374749498998426e+03 1.000000000000000000e+00
7.288376753507013746e+03 1.000000000000000000e+00
7.289378757515029974e+03 1.000000000000000000e+00
7.290380761523046203e+03 1.000000000000000000e+00
7.291382765531062432e+03 1.000000000000000000e+00
7.292384769539077752e+03 1.000000000000000000e+00
7.293386773547093981e+03 1.000000000000000000e+00
7.294388777555110210e+03 1.000000000000000000e+00
7.295390781563126438e+03 1.000000000000000000e+00
7.296392785571142667e+03 1.000000000000000000e+00
7.297394789579157987e+03 1.000000000000000000e+00
7.298396793587174216e+03 1.000000000000000000e+00
7.299398797595190445e+03 1.000000000000000000e+00
7.300400801603206673e+03 1.000000000000000000e+00
7.301402805611221993e+03 1.000000000000000000e+00
7.302404809619238222e+03 1.000000000000000000e+00
7.303406813627254451e+03 1.000000000000000000e+00
7.304408817635270680e+03 1.000000000000000000e+00
7.305410821643286909e+03 1.000000000000000000e+00
7.306412825651302228e+03 1.000000000000000000e+00
7.307414829659318457e+03 1.000000000000000000e+00
7.308416833667334686e+03 1.000000000000000000e+00
7.309418837675350915e+03 1.000000000000000000e+00
7.310420841683367144e+03 1.000000000000000000e+00
7.311422845691382463e+03 1.000000000000000000e+00
7.312424849699398692e+03 1.000000000000000000e+00
7.313426853707414921e+03 1.000000000000000000e+00
7.314428857715431150e+03 1.000000000000000000e+00
7.315430861723446469e+03 1.000000000000000000e+00
7.316432865731462698e+03 1.000000000000000000e+00
7.317434869739478927e+03 1.000000000000000000e+00
7.318436873747495156e+03 1.000000000000000000e+00
7.319438877755511385e+03 1.000000000000000000e+00
7.320440881763526704e+03 1.000000000000000000e+00
7.321442885771542933e+03 1.000000000000000000e+00
7.322444889779559162e+03 1.000000000000000000e+00
7.323446893787575391e+03 1.000000000000000000e+00
7.324448897795591620e+03 1.000000000000000000e+00
7.325450901803606939e+03 1.000000000000000000e+00
7.326452905811623168e+03 1.000000000000000000e+00
7.327454909819639397e+03 1.000000000000000000e+00
7.328456913827655626e+03 1.000000000000000000e+00
7.329458917835670945e+03 1.000000000000000000e+00
7.330460921843687174e+03 1.000000000000000000e+00
7.331462925851703403e+03 1.000000000000000000e+00
7.332464929859719632e+03 1.000000000000000000e+00
7.333466933867735861e+03 1.000000000000000000e+00
7.334468937875751180e+03 1.000000000000000000e+00
7.335470941883767409e+03 1.000000000000000000e+00
7.336472945891783638e+03 1.000000000000000000e+00
7.337474949899799867e+03 1.000000000000000000e+00
7.338476953907815187e+03 1.000000000000000000e+00
7.339478957915831415e+03 1.000000000000000000e+00
7.340480961923847644e+03 1.000000000000000000e+00
7.341482965931863873e+03 1.000000000000000000e+00
7.342484969939880102e+03 1.000000000000000000e+00
7.343486973947895422e+03 1.000000000000000000e+00
7.344488977955911650e+03 1.000000000000000000e+00
7.345490981963927879e+03 1.000000000000000000e+00
7.346492985971944108e+03 1.000000000000000000e+00
7.347494989979959428e+03 1.000000000000000000e+00
7.348496993987975657e+03 1.000000000000000000e+00
7.349498997995991886e+03 1.000000000000000000e+00
7.350501002004008114e+03 1.000000000000000000e+00
7.351503006012024343e+03 1.000000000000000000e+00
7.352505010020039663e+03 1.000000000000000000e+00
7.353507014028055892e+03 1.000000000000000000e+00
7.354509018036072121e+03 1.000000000000000000e+00
7.355511022044088350e+03 1.000000000000000000e+00
7.356513026052104578e+03 1.000000000000000000e+00
7.357515030060119898e+03 1.000000000000000000e+00
7.358517034068136127e+03 1.000000000000000000e+00
7.359519038076152356e+03 1.000000000000000000e+00
7.360521042084168585e+03 1.000000000000000000e+00
7.361523046092184813e+03 1.000000000000000000e+00
7.362525050100200133e+03 1.000000000000000000e+00
7.363527054108216362e+03 1.000000000000000000e+00
7.364529058116232591e+03 1.000000000000000000e+00
7.365531062124248820e+03 1.000000000000000000e+00
7.366533066132264139e+03 1.000000000000000000e+00
7.367535070140280368e+03 1.000000000000000000e+00
7.368537074148296597e+03 1.000000000000000000e+00
7.369539078156312826e+03 1.000000000000000000e+00
7.370541082164329055e+03 1.000000000000000000e+00
7.371543086172344374e+03 1.000000000000000000e+00
7.372545090180360603e+03 1.000000000000000000e+00
7.373547094188376832e+03 1.000000000000000000e+00
7.374549098196393061e+03 1.000000000000000000e+00
7.375551102204408380e+03 1.000000000000000000e+00
7.376553106212424609e+03 1.000000000000000000e+00
7.377555110220440838e+03 1.000000000000000000e+00
7.378557114228457067e+03 1.000000000000000000e+00
7.379559118236473296e+03 1.000000000000000000e+00
7.380561122244488615e+03 1.000000000000000000e+00
7.381563126252504844e+03 1.000000000000000000e+00
7.382565130260521073e+03 1.000000000000000000e+00
7.383567134268537302e+03 1.000000000000000000e+00
7.384569138276552621e+03 1.000000000000000000e+00
7.385571142284568850e+03 1.000000000000000000e+00
7.386573146292585079e+03 1.000000000000000000e+00
7.387575150300601308e+03 1.000000000000000000e+00
7.388577154308617537e+03 1.000000000000000000e+00
7.389579158316632856e+03 1.000000000000000000e+00
7.390581162324649085e+03 1.000000000000000000e+00
7.391583166332665314e+03 1.000000000000000000e+00
7.392585170340681543e+03 1.000000000000000000e+00
7.393587174348697772e+03 1.000000000000000000e+00
7.394589178356713091e+03 1.000000000000000000e+00
7.395591182364729320e+03 1.000000000000000000e+00
7.396593186372745549e+03 1.000000000000000000e+00
7.397595190380761778e+03 1.000000000000000000e+00
7.398597194388777098e+03 1.000000000000000000e+00
7.399599198396793327e+03 1.000000000000000000e+00
7.400601202404809555e+03 1.000000000000000000e+00
7.401603206412825784e+03 1.000000000000000000e+00
7.402605210420842013e+03 1.000000000000000000e+00
7.403607214428857333e+03 1.000000000000000000e+00
7.404609218436873562e+03 1.000000000000000000e+00
7.405611222444889790e+03 1.000000000000000000e+00
7.406613226452906019e+03 1.000000000000000000e+00
7.407615230460922248e+03 1.000000000000000000e+00
7.408617234468937568e+03 1.000000000000000000e+00
7.409619238476953797e+03 1.000000000000000000e+00
7.410621242484970026e+03 1.000000000000000000e+00
7.411623246492986254e+03 1.000000000000000000e+00
7.412625250501001574e+03 1.000000000000000000e+00
7.413627254509017803e+03 1.000000000000000000e+00
7.414629258517034032e+03 1.000000000000000000e+00
7.415631262525050261e+03 1.000000000000000000e+00
7.416633266533066490e+03 1.000000000000000000e+00
7.417635270541081809e+03 1.000000000000000000e+00
7.418637274549098038e+03 1.000000000000000000e+00
7.419639278557114267e+03 1.000000000000000000e+00
7.420641282565130496e+03 1.000000000000000000e+00
7.421643286573145815e+03 1.000000000000000000e+00
7.422645290581162044e+03 1.000000000000000000e+00
7.423647294589178273e+03 1.000000000000000000e+00
7.424649298597194502e+03 1.000000000000000000e+00
7.425651302605210731e+03 1.000000000000000000e+00
7.426653306613226050e+03 1.000000000000000000e+00
7.427655310621242279e+03 1.000000000000000000e+00
7.428657314629258508e+03 1.000000000000000000e+00
7.429659318637274737e+03 1.000000000000000000e+00
7.430661322645290966e+03 1.000000000000000000e+00
7.431663326653306285e+03 1.000000000000000000e+00
7.432665330661322514e+03 1.000000000000000000e+00
7.433667334669338743e+03 1.000000000000000000e+00
7.434669338677354972e+03 1.000000000000000000e+00
7.435671342685370291e+03 1.000000000000000000e+00
7.436673346693386520e+03 1.000000000000000000e+00
7.437675350701402749e+03 1.000000000000000000e+00
7.438677354709418978e+03 1.000000000000000000e+00
7.439679358717435207e+03 1.000000000000000000e+00
7.440681362725450526e+03 1.000000000000000000e+00
7.441683366733466755e+03 1.000000000000000000e+00
7.442685370741482984e+03 1.000000000000000000e+00
7.443687374749499213e+03 1.000000000000000000e+00
7.444689378757515442e+03 1.000000000000000000e+00
7.445691382765530761e+03 1.000000000000000000e+00
7.446693386773546990e+03 1.000000000000000000e+00
7.447695390781563219e+03 1.000000000000000000e+00
7.448697394789579448e+03 1.000000000000000000e+00
7.449699398797594768e+03 1.000000000000000000e+00
7.450701402805610996e+03 1.000000000000000000e+00
7.451703406813627225e+03 1.000000000000000000e+00
7.452705410821643454e+03 1.000000000000000000e+00
7.453707414829659683e+03 1.000000000000000000e+00
7.454709418837675003e+03 1.000000000000000000e+00
7.455711422845691231e+03 1.000000000000000000e+00
7.456713426853707460e+03 1.000000000000000000e+00
7.457715430861723689e+03 1.000000000000000000e+00
7.458717434869739009e+03 1.000000000000000000e+00
7.459719438877755238e+03 1.000000000000000000e+00
7.460721442885771467e+03 1.000000000000000000e+00
7.461723446893787695e+03 1.000000000000000000e+00
7.462725450901803924e+03 1.000000000000000000e+00
7.463727454909819244e+03 1.000000000000000000e+00
7.464729458917835473e+03 1.000000000000000000e+00
7.465731462925851702e+03 1.000000000000000000e+00
7.466733466933867930e+03 1.000000000000000000e+00
7.467735470941883250e+03 1.000000000000000000e+00
7.468737474949899479e+03 1.000000000000000000e+00
7.469739478957915708e+03 1.000000000000000000e+00
7.470741482965931937e+03 1.000000000000000000e+00
7.471743486973948166e+03 1.000000000000000000e+00
7.472745490981963485e+03 1.000000000000000000e+00
7.473747494989979714e+03 1.000000000000000000e+00
7.474749498997995943e+03 1.000000000000000000e+00
7.475751503006012172e+03 1.000000000000000000e+00
7.476753507014028401e+03 1.000000000000000000e+00
7.477755511022043720e+03 1.000000000000000000e+00
7.478757515030059949e+03 1.000000000000000000e+00
7.479759519038076178e+03 1.000000000000000000e+00
7.480761523046092407e+03 1.000000000000000000e+00
7.481763527054108636e+03 1.000000000000000000e+00
7.482765531062123955e+03 1.000000000000000000e+00
7.483767535070140184e+03 1.000000000000000000e+00
7.484769539078156413e+03 1.000000000000000000e+00
7.485771543086172642e+03 1.000000000000000000e+00
7.486773547094187961e+03 1.000000000000000000e+00
7.487775551102204190e+03 1.000000000000000000e+00
7.488777555110220419e+03 1.000000000000000000e+00
7.489779559118236648e+03 1.000000000000000000e+00
7.490781563126252877e+03 1.000000000000000000e+00
7.491783567134268196e+03 1.000000000000000000e+00
7.492785571142284425e+03 1.000000000000000000e+00
7.493787575150300654e+03 1.000000000000000000e+00
7.494789579158316883e+03 1.000000000000000000e+00
7.495791583166332202e+03 1.000000000000000000e+00
7.496793587174348431e+03 1.000000000000000000e+00
7.497795591182364660e+03 1.000000000000000000e+00
7.498797595190380889e+03 1.000000000000000000e+00
7.499799599198397118e+03 1.000000000000000000e+00
7.500801603206412437e+03 1.000000000000000000e+00
7.501803607214428666e+03 1.000000000000000000e+00
7.502805611222444895e+03 1.000000000000000000e+00
7.503807615230461124e+03 1.000000000000000000e+00
7.504809619238476444e+03 1.000000000000000000e+00
7.505811623246492672e+03 1.000000000000000000e+00
7.506813627254508901e+03 1.000000000000000000e+00
7.507815631262525130e+03 1.000000000000000000e+00
7.508817635270541359e+03 1.000000000000000000e+00
7.509819639278556679e+03 1.000000000000000000e+00
7.510821643286572908e+03 1.000000000000000000e+00
7.511823647294589136e+03 1.000000000000000000e+00
7.512825651302605365e+03 1.000000000000000000e+00
7.513827655310621594e+03 1.000000000000000000e+00
7.514829659318636914e+03 1.000000000000000000e+00
7.515831663326653143e+03 1.000000000000000000e+00
7.516833667334669371e+03 1.000000000000000000e+00
7.517835671342685600e+03 1.000000000000000000e+00
7.518837675350701829e+03 1.000000000000000000e+00
7.519839679358717149e+03 1.000000000000000000e+00
7.520841683366733378e+03 1.000000000000000000e+00
7.521843687374749607e+03 1.000000000000000000e+00
7.522845691382765835e+03 1.000000000000000000e+00
7.523847695390781155e+03 1.000000000000000000e+00
7.524849699398797384e+03 1.000000000000000000e+00
7.525851703406813613e+03 1.000000000000000000e+00
7.526853707414829842e+03 1.000000000000000000e+00
7.527855711422846070e+03 1.000000000000000000e+00
7.528857715430861390e+03 1.000000000000000000e+00
7.529859719438877619e+03 1.000000000000000000e+00
7.530861723446893848e+03 1.000000000000000000e+00
7.531863727454910077e+03 1.000000000000000000e+00
7.532865731462925396e+03 1.000000000000000000e+00
7.533867735470941625e+03 1.000000000000000000e+00
7.534869739478957854e+03 1.000000000000000000e+00
7.535871743486974083e+03 1.000000000000000000e+00
7.536873747494990312e+03 1.000000000000000000e+00
7.537875751503005631e+03 1.000000000000000000e+00
7.538877755511021860e+03 1.000000000000000000e+00
7.539879759519038089e+03 1.000000000000000000e+00
7.540881763527054318e+03 1.000000000000000000e+00
7.541883767535069637e+03 1.000000000000000000e+00
7.542885771543085866e+03 1.000000000000000000e+00
7.543887775551102095e+03 1.000000000000000000e+00
7.544889779559118324e+03 1.000000000000000000e+00
7.545891783567134553e+03 1.000000000000000000e+00
7.546893787575149872e+03 1.000000000000000000e+00
7.547895791583166101e+03 1.000000000000000000e+00
7.548897795591182330e+03 1.000000000000000000e+00
7.549899799599198559e+03 1.000000000000000000e+00
7.550901803607214788e+03 1.000000000000000000e+00
7.551903807615230107e+03 1.000000000000000000e+00
7.552905811623246336e+03 1.000000000000000000e+00
7.553907815631262565e+03 1.000000000000000000e+00
7.554909819639278794e+03 1.000000000000000000e+00
7.555911823647294113e+03 1.000000000000000000e+00
7.556913827655310342e+03 1.000000000000000000e+00
7.557915831663326571e+03 1.000000000000000000e+00
7.558917835671342800e+03 1.000000000000000000e+00
7.559919839679359029e+03 1.000000000000000000e+00
7.560921843687374349e+03 1.000000000000000000e+00
7.561923847695390577e+03 1.000000000000000000e+00
7.562925851703406806e+03 1.000000000000000000e+00
7.563927855711423035e+03 1.000000000000000000e+00
7.564929859719439264e+03 1.000000000000000000e+00
7.565931863727454584e+03 1.000000000000000000e+00
7.566933867735470812e+03 1.000000000000000000e+00
7.567935871743487041e+03 1.000000000000000000e+00
7.568937875751503270e+03 1.000000000000000000e+00
7.569939879759518590e+03 1.000000000000000000e+00
7.570941883767534819e+03 1.000000000000000000e+00
7.571943887775551048e+03 1.000000000000000000e+00
7.572945891783567276e+03 1.000000000000000000e+00
7.573947895791583505e+03 1.000000000000000000e+00
7.574949899799598825e+03 1.000000000000000000e+00
7.575951903807615054e+03 1.000000000000000000e+00
7.576953907815631283e+03 1.000000000000000000e+00
7.577955911823647511e+03 1.000000000000000000e+00
7.578957915831662831e+03 1.000000000000000000e+00
7.579959919839679060e+03 1.000000000000000000e+00
7.580961923847695289e+03 1.000000000000000000e+00
7.581963927855711518e+03 1.000000000000000000e+00
7.582965931863727747e+03 1.000000000000000000e+00
7.583967935871743066e+03 1.000000000000000000e+00
7.584969939879759295e+03 1.000000000000000000e+00
7.585971943887775524e+03 1.000000000000000000e+00
7.586973947895791753e+03 1.000000000000000000e+00
7.587975951903807982e+03 1.000000000000000000e+00
7.588977955911823301e+03 1.000000000000000000e+00
7.589979959919839530e+03 1.000000000000000000e+00
7.590981963927855759e+03 1.000000000000000000e+00
7.591983967935871988e+03 1.000000000000000000e+00
7.592985971943887307e+03 1.000000000000000000e+00
7.593987975951903536e+03 1.000000000000000000e+00
7.594989979959919765e+03 1.000000000000000000e+00
7.595991983967935994e+03 1.000000000000000000e+00
7.596993987975952223e+03 1.000000000000000000e+00
7.597995991983967542e+03 1.000000000000000000e+00
7.598997995991983771e+03 1.000000000000000000e+00
7.600000000000000000e+03 1.000000000000000000e+00
7.601000000000000000e+03 0.000000000000000000e+00
7.602000000000000000e+03 0.000000000000000000e+00
7.603000000000000000e+03 0.000000000000000000e+00
7.604000000000000000e+03 0.000000000000000000e+00
7.605000000000000000e+03 0.000000000000000000e+00
7.606000000000000000e+03 0.000000000000000000e+00
7.607000000000000000e+03 0.000000000000000000e+00
7.608000000000000000e+03 0.000000000000000000e+00
7.609000000000000000e+03 0.000000000000000000e+00
7.610000000000000000e+03 0.000000000000000000e+00
7.611000000000000000e+03 0.000000000000000000e+00
7.612000000000000000e+03 0.000000000000000000e+00
7.613000000000000000e+03 0.000000000000000000e+00
7.614000000000000000e+03 0.000000000000000000e+00
7.615000000000000000e+03 0.000000000000000000e+00
7.616000000000000000e+03 0.000000000000000000e+00
7.617000000000000000e+03 0.000000000000000000e+00
7.618000000000000000e+03 0.000000000000000000e+00
7.619000000000000000e+03 0.000000000000000000e+00
7.620000000000000000e+03 0.000000000000000000e+00
7.621000000000000000e+03 0.000000000000000000e+00
7.622000000000000000e+03 0.000000000000000000e+00
7.623000000000000000e+03 0.000000000000000000e+00
7.624000000000000000e+03 0.000000000000000000e+00
7.625000000000000000e+03 0.000000000000000000e+00
7.626000000000000000e+03 0.000000000000000000e+00
7.627000000000000000e+03 0.000000000000000000e+00
7.628000000000000000e+03 0.000000000000000000e+00
7.629000000000000000e+03 0.000000000000000000e+00
7.630000000000000000e+03 0.000000000000000000e+00
7.631000000000000000e+03 0.000000000000000000e+00
7.632000000000000000e+03 0.000000000000000000e+00
7.633000000000000000e+03 0.000000000000000000e+00
7.634000000000000000e+03 0.000000000000000000e+00
7.635000000000000000e+03 0.000000000000000000e+00
7.636000000000000000e+03 0.000000000000000000e+00
7.637000000000000000e+03 0.000000000000000000e+00
7.638000000000000000e+03 0.000000000000000000e+00
7.639000000000000000e+03 0.000000000000000000e+00
7.640000000000000000e+03 0.000000000000000000e+00
7.641000000000000000e+03 0.000000000000000000e+00
7.642000000000000000e+03 0.000000000000000000e+00
7.643000000000000000e+03 0.000000000000000000e+00
7.644000000000000000e+03 0.000000000000000000e+00
7.645000000000000000e+03 0.000000000000000000e+00
7.646000000000000000e+03 0.000000000000000000e+00
7.647000000000000000e+03 0.000000000000000000e+00
7.648000000000000000e+03 0.000000000000000000e+00
7.649000000000000000e+03 0.000000000000000000e+00
7.650000000000000000e+03 0.000000000000000000e+00
7.651000000000000000e+03 0.000000000000000000e+00
7.652000000000000000e+03 0.000000000000000000e+00
7.653000000000000000e+03 0.000000000000000000e+00
7.654000000000000000e+03 0.000000000000000000e+00
7.655000000000000000e+03 0.000000000000000000e+00
7.656000000000000000e+03 0.000000000000000000e+00
7.657000000000000000e+03 0.000000000000000000e+00
7.658000000000000000e+03 0.000000000000000000e+00
7.659000000000000000e+03 0.000000000000000000e+00
7.660000000000000000e+03 0.000000000000000000e+00
7.661000000000000000e+03 0.000000000000000000e+00
7.662000000000000000e+03 0.000000000000000000e+00
7.663000000000000000e+03 0.000000000000000000e+00
7.664000000000000000e+03 0.000000000000000000e+00
7.665000000000000000e+03 0.000000000000000000e+00
7.666000000000000000e+03 0.000000000000000000e+00
7.667000000000000000e+03 0.000000000000000000e+00
7.668000000000000000e+03 0.000000000000000000e+00
7.669000000000000000e+03 0.000000000000000000e+00
7.670000000000000000e+03 0.000000000000000000e+00
7.671000000000000000e+03 0.000000000000000000e+00
7.672000000000000000e+03 0.000000000000000000e+00
7.673000000000000000e+03 0.000000000000000000e+00
7.674000000000000000e+03 0.000000000000000000e+00
7.675000000000000000e+03 0.000000000000000000e+00
7.676000000000000000e+03 0.000000000000000000e+00
7.677000000000000000e+03 0.000000000000000000e+00
7.678000000000000000e+03 0.000000000000000000e+00
7.679000000000000000e+03 0.000000000000000000e+00
7.680000000000000000e+03 0.000000000000000000e+00
7.681000000000000000e+03 0.000000000000000000e+00
7.682000000000000000e+03 0.000000000000000000e+00
7.683000000000000000e+03 0.000000000000000000e+00
7.684000000000000000e+03 0.000000000000000000e+00
7.685000000000000000e+03 0.000000000000000000e+00
7.686000000000000000e+03 0.000000000000000000e+00
7.687000000000000000e+03 0.000000000000000000e+00
7.688000000000000000e+03 0.000000000000000000e+00
7.689000000000000000e+03 0.000000000000000000e+00
7.690000000000000000e+03 0.000000000000000000e+00
7.691000000000000000e+03 0.000000000000000000e+00
7.692000000000000000e+03 0.000000000000000000e+00
7.693000000000000000e+03 0.000000000000000000e+00
7.694000000000000000e+03 0.000000000000000000e+00
7.695000000000000000e+03 0.000000000000000000e+00
7.696000000000000000e+03 0.000000000000000000e+00
7.697000000000000000e+03 0.000000000000000000e+00
7.698000000000000000e+03 0.000000000000000000e+00
7.699000000000000000e+03 0.000000000000000000e+00
7.700000000000000000e+03 0.000000000000000000e+00
