# Filter 316: Swift UVOT filter uvw2 [added Jan 2012 - via L.Lanz]
#  641 data points. Lines2098 to2738
   1.60000E+03   9.31561E-05
   1.61000E+03   2.33409E-04
   1.62000E+03   3.80298E-04
   1.63000E+03   5.85213E-04
   1.64000E+03   7.98000E-04
   1.65000E+03   9.95819E-04
   1.66000E+03   1.19927E-03
   1.67000E+03   1.33260E-03
   1.68000E+03   1.46992E-03
   1.69000E+03   1.55911E-03
   1.70000E+03   1.65095E-03
   1.71000E+03   1.67200E-03
   1.72000E+03   1.68932E-03
   1.73000E+03   1.79397E-03
   1.74000E+03   1.89608E-03
   1.75000E+03   1.97075E-03
   1.76000E+03   2.04457E-03
   1.77000E+03   2.07495E-03
   1.78000E+03   2.10814E-03
   1.79000E+03   2.13845E-03
   1.80000E+03   2.17321E-03
   1.81000E+03   2.20349E-03
   1.82000E+03   2.23186E-03
   1.83000E+03   2.26531E-03
   1.84000E+03   2.29340E-03
   1.85000E+03   2.31844E-03
   1.86000E+03   2.36632E-03
   1.87000E+03   2.39799E-03
   1.88000E+03   2.44060E-03
   1.89000E+03   2.45110E-03
   1.90000E+03   2.47228E-03
   1.91000E+03   2.44315E-03
   1.92000E+03   2.42478E-03
   1.93000E+03   2.40256E-03
   1.94000E+03   2.37391E-03
   1.95000E+03   2.34998E-03
   1.96000E+03   2.33512E-03
   1.97000E+03   2.31688E-03
   1.98000E+03   2.30271E-03
   1.99000E+03   2.28212E-03
   2.00000E+03   2.26397E-03
   2.01000E+03   2.21773E-03
   2.02000E+03   2.16950E-03
   2.03000E+03   2.12270E-03
   2.04000E+03   2.07087E-03
   2.05000E+03   2.02281E-03
   2.06000E+03   1.97096E-03
   2.07000E+03   1.91599E-03
   2.08000E+03   1.86231E-03
   2.09000E+03   1.80621E-03
   2.10000E+03   1.75045E-03
   2.11000E+03   1.71542E-03
   2.12000E+03   1.67683E-03
   2.13000E+03   1.63931E-03
   2.14000E+03   1.59740E-03
   2.15000E+03   1.55916E-03
   2.16000E+03   1.51847E-03
   2.17000E+03   1.47893E-03
   2.18000E+03   1.43643E-03
   2.19000E+03   1.40013E-03
   2.20000E+03   1.35883E-03
   2.21000E+03   1.29617E-03
   2.22000E+03   1.23416E-03
   2.23000E+03   1.17481E-03
   2.24000E+03   1.11710E-03
   2.25000E+03   1.07741E-03
   2.26000E+03   1.03847E-03
   2.27000E+03   1.00024E-03
   2.28000E+03   9.63647E-04
   2.29000E+03   9.26689E-04
   2.30000E+03   8.92268E-04
   2.31000E+03   8.58960E-04
   2.32000E+03   8.26643E-04
   2.33000E+03   7.94808E-04
   2.34000E+03   7.67900E-04
   2.35000E+03   7.42811E-04
   2.36000E+03   7.19244E-04
   2.37000E+03   6.95719E-04
   2.38000E+03   6.73250E-04
   2.39000E+03   6.50826E-04
   2.40000E+03   6.30537E-04
   2.41000E+03   6.09640E-04
   2.42000E+03   5.89372E-04
   2.43000E+03   5.69746E-04
   2.44000E+03   5.50796E-04
   2.45000E+03   5.27466E-04
   2.46000E+03   5.04755E-04
   2.47000E+03   4.83188E-04
   2.48000E+03   4.62210E-04
   2.49000E+03   4.42886E-04
   2.50000E+03   4.26269E-04
   2.51000E+03   4.08843E-04
   2.52000E+03   3.91960E-04
   2.53000E+03   3.76158E-04
   2.54000E+03   3.60364E-04
   2.55000E+03   3.48393E-04
   2.56000E+03   3.36755E-04
   2.57000E+03   3.25989E-04
   2.58000E+03   3.15580E-04
   2.59000E+03   3.05540E-04
   2.60000E+03   2.95877E-04
   2.61000E+03   2.86494E-04
   2.62000E+03   2.77512E-04
   2.63000E+03   2.68391E-04
   2.64000E+03   2.60250E-04
   2.65000E+03   2.51011E-04
   2.66000E+03   2.42293E-04
   2.67000E+03   2.33529E-04
   2.68000E+03   2.26989E-04
   2.69000E+03   2.18706E-04
   2.70000E+03   2.11523E-04
   2.71000E+03   2.04409E-04
   2.72000E+03   1.97835E-04
   2.73000E+03   1.91791E-04
   2.74000E+03   1.85159E-04
   2.75000E+03   1.78527E-04
   2.76000E+03   1.72474E-04
   2.77000E+03   1.66433E-04
   2.78000E+03   1.60971E-04
   2.79000E+03   1.55516E-04
   2.80000E+03   1.50075E-04
   2.81000E+03   1.45260E-04
   2.82000E+03   1.40455E-04
   2.83000E+03   1.35661E-04
   2.84000E+03   1.31443E-04
   2.85000E+03   1.27282E-04
   2.86000E+03   1.23126E-04
   2.87000E+03   1.18984E-04
   2.88000E+03   1.15960E-04
   2.89000E+03   1.12396E-04
   2.90000E+03   1.08841E-04
   2.91000E+03   1.05304E-04
   2.92000E+03   1.02320E-04
   2.93000E+03   9.93504E-05
   2.94000E+03   9.63837E-05
   2.95000E+03   9.34768E-05
   2.96000E+03   9.05768E-05
   2.97000E+03   8.82274E-05
   2.98000E+03   8.58888E-05
   2.99000E+03   8.30087E-05
   3.00000E+03   8.12178E-05
   3.01000E+03   7.89305E-05
   3.02000E+03   7.66424E-05
   3.03000E+03   7.43593E-05
   3.04000E+03   7.26130E-05
   3.05000E+03   6.94117E-05
   3.06000E+03   6.67947E-05
   3.07000E+03   6.42249E-05
   3.08000E+03   6.17077E-05
   3.09000E+03   5.92382E-05
   3.10000E+03   5.68211E-05
   3.11000E+03   5.48922E-05
   3.12000E+03   5.29981E-05
   3.13000E+03   5.06697E-05
   3.14000E+03   4.88441E-05
   3.15000E+03   4.77337E-05
   3.16000E+03   4.70720E-05
   3.17000E+03   4.63984E-05
   3.18000E+03   4.57132E-05
   3.19000E+03   4.50256E-05
   3.20000E+03   4.38552E-05
   3.21000E+03   4.31732E-05
   3.22000E+03   4.24789E-05
   3.23000E+03   4.17774E-05
   3.24000E+03   4.10495E-05
   3.25000E+03   4.05100E-05
   3.26000E+03   3.94900E-05
   3.27000E+03   3.89535E-05
   3.28000E+03   3.79379E-05
   3.29000E+03   3.69344E-05
   3.30000E+03   3.64129E-05
   3.31000E+03   3.58926E-05
   3.32000E+03   3.48959E-05
   3.33000E+03   3.43791E-05
   3.34000E+03   3.38592E-05
   3.35000E+03   3.27392E-05
   3.36000E+03   3.20966E-05
   3.37000E+03   3.14642E-05
   3.38000E+03   3.08372E-05
   3.39000E+03   3.02155E-05
   3.40000E+03   2.91367E-05
   3.41000E+03   2.85317E-05
   3.42000E+03   2.79275E-05
   3.43000E+03   2.73287E-05
   3.44000E+03   2.67353E-05
   3.45000E+03   2.63130E-05
   3.46000E+03   2.58900E-05
   3.47000E+03   2.54710E-05
   3.48000E+03   2.50467E-05
   3.49000E+03   2.46263E-05
   3.50000E+03   2.46620E-05
   3.51000E+03   2.42410E-05
   3.52000E+03   2.38192E-05
   3.53000E+03   2.33920E-05
   3.54000E+03   2.29730E-05
   3.55000E+03   2.25681E-05
   3.56000E+03   2.26232E-05
   3.57000E+03   2.22205E-05
   3.58000E+03   2.18112E-05
   3.59000E+03   2.18653E-05
   3.60000E+03   2.14532E-05
   3.61000E+03   2.10465E-05
   3.62000E+03   2.06330E-05
   3.63000E+03   2.06875E-05
   3.64000E+03   2.02709E-05
   3.65000E+03   1.98375E-05
   3.66000E+03   1.98759E-05
   3.67000E+03   1.94404E-05
   3.68000E+03   1.90033E-05
   3.69000E+03   1.90408E-05
   3.70000E+03   1.86014E-05
   3.71000E+03   1.86344E-05
   3.72000E+03   1.81891E-05
   3.73000E+03   1.82217E-05
   3.74000E+03   1.77742E-05
   3.75000E+03   1.76894E-05
   3.76000E+03   1.71291E-05
   3.77000E+03   1.70423E-05
   3.78000E+03   1.64891E-05
   3.79000E+03   1.64098E-05
   3.80000E+03   1.58639E-05
   3.81000E+03   1.57874E-05
   3.82000E+03   1.52441E-05
   3.83000E+03   1.51701E-05
   3.84000E+03   1.50962E-05
   3.85000E+03   1.45733E-05
   3.86000E+03   1.45127E-05
   3.87000E+03   1.39961E-05
   3.88000E+03   1.39333E-05
   3.89000E+03   1.34230E-05
   3.90000E+03   1.33624E-05
   3.91000E+03   1.32967E-05
   3.92000E+03   1.27942E-05
   3.93000E+03   1.27353E-05
   3.94000E+03   1.26763E-05
   3.95000E+03   1.21939E-05
   3.96000E+03   1.21489E-05
   3.97000E+03   1.16758E-05
   3.98000E+03   1.16326E-05
   3.99000E+03   1.15895E-05
   4.00000E+03   1.11185E-05
   4.01000E+03   1.19301E-05
   4.02000E+03   1.17459E-05
   4.03000E+03   1.15586E-05
   4.04000E+03   1.13767E-05
   4.05000E+03   1.12318E-05
   4.06000E+03   1.10829E-05
   4.07000E+03   1.09384E-05
   4.08000E+03   1.07941E-05
   4.09000E+03   1.06457E-05
   4.10000E+03   1.05017E-05
   4.11000E+03   1.03571E-05
   4.12000E+03   1.02086E-05
   4.13000E+03   1.00644E-05
   4.14000E+03   9.92034E-06
   4.15000E+03   9.73486E-06
   4.16000E+03   9.55488E-06
   4.17000E+03   9.51257E-06
   4.18000E+03   9.47025E-06
   4.19000E+03   9.42793E-06
   4.20000E+03   9.25086E-06
   4.21000E+03   9.06938E-06
   4.22000E+03   8.89323E-06
   4.23000E+03   8.71833E-06
   4.24000E+03   8.54066E-06
   4.25000E+03   8.40215E-06
   4.26000E+03   8.39580E-06
   4.27000E+03   8.38944E-06
   4.28000E+03   8.37905E-06
   4.29000E+03   8.24093E-06
   4.30000E+03   8.10298E-06
   4.31000E+03   7.96618E-06
   4.32000E+03   7.96095E-06
   4.33000E+03   7.95965E-06
   4.34000E+03   7.95434E-06
   4.35000E+03   7.75924E-06
   4.36000E+03   7.57008E-06
   4.37000E+03   7.38290E-06
   4.38000E+03   7.32489E-06
   4.39000E+03   7.26685E-06
   4.40000E+03   7.20875E-06
   4.41000E+03   7.02552E-06
   4.42000E+03   6.84058E-06
   4.43000E+03   6.66143E-06
   4.44000E+03   6.60541E-06
   4.45000E+03   6.55038E-06
   4.46000E+03   6.49535E-06
   4.47000E+03   6.32222E-06
   4.48000E+03   6.14756E-06
   4.49000E+03   5.97847E-06
   4.50000E+03   5.92296E-06
   4.51000E+03   5.87076E-06
   4.52000E+03   5.81857E-06
   4.53000E+03   5.65437E-06
   4.54000E+03   5.49220E-06
   4.55000E+03   5.37102E-06
   4.56000E+03   5.36416E-06
   4.57000E+03   5.36064E-06
   4.58000E+03   5.35375E-06
   4.59000E+03   5.34685E-06
   4.60000E+03   5.33992E-06
   4.61000E+03   5.33326E-06
   4.62000E+03   5.21339E-06
   4.63000E+03   5.09712E-06
   4.64000E+03   4.98112E-06
   4.65000E+03   4.91016E-06
   4.66000E+03   4.83924E-06
   4.67000E+03   4.76834E-06
   4.68000E+03   4.59100E-06
   4.69000E+03   4.41997E-06
   4.70000E+03   4.25209E-06
   4.71000E+03   4.18617E-06
   4.72000E+03   4.12027E-06
   4.73000E+03   4.05438E-06
   4.74000E+03   3.98854E-06
   4.75000E+03   3.97711E-06
   4.76000E+03   3.96569E-06
   4.77000E+03   3.95426E-06
   4.78000E+03   3.94284E-06
   4.79000E+03   3.93143E-06
   4.80000E+03   3.92002E-06
   4.81000E+03   3.90832E-06
   4.82000E+03   3.89663E-06
   4.83000E+03   3.79337E-06
   4.84000E+03   3.68789E-06
   4.85000E+03   3.58870E-06
   4.86000E+03   3.58081E-06
   4.87000E+03   3.57293E-06
   4.88000E+03   3.56504E-06
   4.89000E+03   3.55718E-06
   4.90000E+03   3.54932E-06
   4.91000E+03   3.54087E-06
   4.92000E+03   3.44005E-06
   4.93000E+03   3.34238E-06
   4.94000E+03   3.24515E-06
   4.95000E+03   3.21639E-06
   4.96000E+03   3.18765E-06
   4.97000E+03   3.15895E-06
   4.98000E+03   3.13029E-06
   4.99000E+03   3.10166E-06
   5.00000E+03   3.07306E-06
   5.01000E+03   3.04501E-06
   5.02000E+03   3.01698E-06
   5.03000E+03   2.98898E-06
   5.04000E+03   2.96101E-06
   5.05000E+03   2.93823E-06
   5.06000E+03   2.91548E-06
   5.07000E+03   2.81320E-06
   5.08000E+03   2.70981E-06
   5.09000E+03   2.61009E-06
   5.10000E+03   2.58934E-06
   5.11000E+03   2.56836E-06
   5.12000E+03   2.54742E-06
   5.13000E+03   2.52650E-06
   5.14000E+03   2.50561E-06
   5.15000E+03   2.49834E-06
   5.16000E+03   2.49108E-06
   5.17000E+03   2.48386E-06
   5.18000E+03   2.47664E-06
   5.19000E+03   2.46945E-06
   5.20000E+03   2.46228E-06
   5.21000E+03   2.45482E-06
   5.22000E+03   2.37397E-06
   5.23000E+03   2.29136E-06
   5.24000E+03   2.21145E-06
   5.25000E+03   2.18542E-06
   5.26000E+03   2.15941E-06
   5.27000E+03   2.13346E-06
   5.28000E+03   2.10753E-06
   5.29000E+03   2.08165E-06
   5.30000E+03   2.05579E-06
   5.31000E+03   2.03023E-06
   5.32000E+03   2.00471E-06
   5.33000E+03   1.97922E-06
   5.34000E+03   1.95375E-06
   5.35000E+03   1.93906E-06
   5.36000E+03   1.92440E-06
   5.37000E+03   1.90976E-06
   5.38000E+03   1.89515E-06
   5.39000E+03   1.88057E-06
   5.40000E+03   1.86602E-06
   5.41000E+03   1.85142E-06
   5.42000E+03   1.83685E-06
   5.43000E+03   1.76218E-06
   5.44000E+03   1.68668E-06
   5.45000E+03   1.61688E-06
   5.46000E+03   1.60674E-06
   5.47000E+03   1.59665E-06
   5.48000E+03   1.58656E-06
   5.49000E+03   1.57651E-06
   5.50000E+03   1.56819E-06
   5.51000E+03   1.55784E-06
   5.52000E+03   1.54749E-06
   5.53000E+03   1.53715E-06
   5.54000E+03   1.52681E-06
   5.55000E+03   1.51416E-06
   5.56000E+03   1.50321E-06
   5.57000E+03   1.49226E-06
   5.58000E+03   1.48131E-06
   5.59000E+03   1.47037E-06
   5.60000E+03   1.45943E-06
   5.61000E+03   1.44875E-06
   5.62000E+03   1.43806E-06
   5.63000E+03   1.42737E-06
   5.64000E+03   1.41669E-06
   5.65000E+03   1.40123E-06
   5.66000E+03   1.38577E-06
   5.67000E+03   1.37031E-06
   5.68000E+03   1.35484E-06
   5.69000E+03   1.33938E-06
   5.70000E+03   1.32391E-06
   5.71000E+03   1.30814E-06
   5.72000E+03   1.29236E-06
   5.73000E+03   1.22978E-06
   5.74000E+03   1.16837E-06
   5.75000E+03   1.11432E-06
   5.76000E+03   1.10790E-06
   5.77000E+03   1.10149E-06
   5.78000E+03   1.09509E-06
   5.79000E+03   1.08868E-06
   5.80000E+03   1.08229E-06
   5.81000E+03   1.07599E-06
   5.82000E+03   1.06970E-06
   5.83000E+03   1.06342E-06
   5.84000E+03   1.05713E-06
   5.85000E+03   1.07420E-06
   5.86000E+03   1.06372E-06
   5.87000E+03   1.05327E-06
   5.88000E+03   1.04281E-06
   5.89000E+03   1.03238E-06
   5.90000E+03   1.02198E-06
   5.91000E+03   1.01173E-06
   5.92000E+03   1.00150E-06
   5.93000E+03   9.91284E-07
   5.94000E+03   9.81085E-07
   5.95000E+03   9.70896E-07
   5.96000E+03   9.60716E-07
   5.97000E+03   9.50555E-07
   5.98000E+03   9.40412E-07
   5.99000E+03   9.30278E-07
   6.00000E+03   9.20158E-07
   6.01000E+03   9.12633E-07
   6.02000E+03   9.05111E-07
   6.03000E+03   8.97587E-07
   6.04000E+03   8.90064E-07
   6.05000E+03   8.82540E-07
   6.06000E+03   8.75018E-07
   6.07000E+03   8.67495E-07
   6.08000E+03   8.59972E-07
   6.09000E+03   8.52450E-07
   6.10000E+03   8.44927E-07
   6.11000E+03   8.37405E-07
   6.12000E+03   7.95649E-07
   6.13000E+03   7.54516E-07
   6.14000E+03   7.12984E-07
   6.15000E+03   7.06401E-07
   6.16000E+03   6.99820E-07
   6.17000E+03   6.93239E-07
   6.18000E+03   6.86656E-07
   6.19000E+03   6.80075E-07
   6.20000E+03   6.73493E-07
   6.21000E+03   6.66912E-07
   6.22000E+03   6.60330E-07
   6.23000E+03   6.53749E-07
   6.24000E+03   6.47168E-07
   6.25000E+03   6.40586E-07
   6.26000E+03   6.34005E-07
   6.27000E+03   6.27423E-07
   6.28000E+03   6.20842E-07
   6.29000E+03   6.14260E-07
   6.30000E+03   6.07680E-07
   6.31000E+03   6.01099E-07
   6.32000E+03   5.94517E-07
   6.33000E+03   5.87936E-07
   6.34000E+03   5.81355E-07
   6.35000E+03   5.74774E-07
   6.36000E+03   5.68192E-07
   6.37000E+03   5.61611E-07
   6.38000E+03   5.55029E-07
   6.39000E+03   5.48448E-07
   6.40000E+03   5.41868E-07
   6.41000E+03   5.36308E-07
   6.42000E+03   5.30749E-07
   6.43000E+03   5.25191E-07
   6.44000E+03   5.19632E-07
   6.45000E+03   5.14072E-07
   6.46000E+03   5.08514E-07
   6.47000E+03   5.02955E-07
   6.48000E+03   4.97395E-07
   6.49000E+03   4.91837E-07
   6.50000E+03   4.86278E-07
   6.51000E+03   4.80718E-07
   6.52000E+03   4.75160E-07
   6.53000E+03   4.70272E-07
   6.54000E+03   4.64041E-07
   6.55000E+03   4.58482E-07
   6.56000E+03   4.52923E-07
   6.57000E+03   4.47363E-07
   6.58000E+03   4.41805E-07
   6.59000E+03   4.36245E-07
   6.60000E+03   4.30686E-07
   6.61000E+03   4.25127E-07
   6.62000E+03   4.19568E-07
   6.63000E+03   4.14008E-07
   6.64000E+03   4.08449E-07
   6.65000E+03   4.02890E-07
   6.66000E+03   3.97330E-07
   6.67000E+03   3.91771E-07
   6.68000E+03   3.86763E-07
   6.69000E+03   3.80653E-07
   6.70000E+03   3.75093E-07
   6.71000E+03   3.69534E-07
   6.72000E+03   3.63975E-07
   6.73000E+03   3.58416E-07
   6.74000E+03   3.52856E-07
   6.75000E+03   3.47297E-07
   6.76000E+03   3.41737E-07
   6.77000E+03   3.36658E-07
   6.78000E+03   3.31091E-07
   6.79000E+03   3.25524E-07
   6.80000E+03   3.19957E-07
   6.81000E+03   3.13941E-07
   6.82000E+03   3.08381E-07
   6.83000E+03   3.02822E-07
   6.84000E+03   2.97263E-07
   6.85000E+03   2.91703E-07
   6.86000E+03   2.86552E-07
   6.87000E+03   2.80985E-07
   6.88000E+03   2.75418E-07
   6.89000E+03   2.69851E-07
   6.90000E+03   2.64284E-07
   6.91000E+03   2.58716E-07
   6.92000E+03   2.53149E-07
   6.93000E+03   2.47582E-07
   6.94000E+03   2.42015E-07
   6.95000E+03   2.36447E-07
   6.96000E+03   2.30880E-07
   6.97000E+03   2.24991E-07
   6.98000E+03   2.19432E-07
   6.99000E+03   2.13873E-07
   7.00000E+03   2.08313E-07
   7.01000E+03   2.04991E-07
   7.02000E+03   2.01668E-07
   7.03000E+03   1.98345E-07
   7.04000E+03   1.95023E-07
   7.05000E+03   1.91699E-07
   7.06000E+03   1.88377E-07
   7.07000E+03   1.85054E-07
   7.08000E+03   1.81731E-07
   7.09000E+03   1.78408E-07
   7.10000E+03   1.75086E-07
   7.11000E+03   1.71762E-07
   7.12000E+03   1.68440E-07
   7.13000E+03   1.65117E-07
   7.14000E+03   1.61794E-07
   7.15000E+03   1.58471E-07
   7.16000E+03   1.55149E-07
   7.17000E+03   1.51825E-07
   7.18000E+03   1.48503E-07
   7.19000E+03   1.45180E-07
   7.20000E+03   1.41858E-07
   7.21000E+03   1.38534E-07
   7.22000E+03   1.35212E-07
   7.23000E+03   1.31889E-07
   7.24000E+03   1.28566E-07
   7.25000E+03   1.25243E-07
   7.26000E+03   1.21921E-07
   7.27000E+03   1.18598E-07
   7.28000E+03   1.15275E-07
   7.29000E+03   1.11953E-07
   7.30000E+03   1.08629E-07
   7.31000E+03   1.05307E-07
   7.32000E+03   1.06841E-07
   7.33000E+03   1.08058E-07
   7.34000E+03   1.08958E-07
   7.35000E+03   1.05161E-07
   7.36000E+03   1.01364E-07
   7.37000E+03   9.75658E-08
   7.38000E+03   9.37684E-08
   7.39000E+03   8.99710E-08
   7.40000E+03   8.61734E-08
   7.41000E+03   8.23760E-08
   7.42000E+03   7.85785E-08
   7.43000E+03   7.47810E-08
   7.44000E+03   6.80259E-08
   7.45000E+03   6.15872E-08
   7.46000E+03   5.54650E-08
   7.47000E+03   5.21422E-08
   7.48000E+03   4.88194E-08
   7.49000E+03   4.54967E-08
   7.50000E+03   4.21739E-08
   7.51000E+03   4.13560E-08
   7.52000E+03   4.05381E-08
   7.53000E+03   3.97201E-08
   7.54000E+03   3.89022E-08
   7.55000E+03   3.80843E-08
   7.56000E+03   3.90409E-08
   7.57000E+03   3.99198E-08
   7.58000E+03   4.07206E-08
   7.59000E+03   3.97859E-08
   7.60000E+03   3.88511E-08
   7.61000E+03   3.79163E-08
   7.62000E+03   3.69816E-08
   7.63000E+03   3.60468E-08
   7.64000E+03   3.51120E-08
   7.65000E+03   3.41773E-08
   7.66000E+03   3.32425E-08
   7.67000E+03   3.23077E-08
   7.68000E+03   3.13730E-08
   7.69000E+03   3.04382E-08
   7.70000E+03   2.95034E-08
   7.71000E+03   2.85687E-08
   7.72000E+03   2.76339E-08
   7.73000E+03   2.66991E-08
   7.74000E+03   2.68379E-08
   7.75000E+03   2.68987E-08
   7.76000E+03   2.68818E-08
   7.77000E+03   2.58301E-08
   7.78000E+03   2.47785E-08
   7.79000E+03   2.37269E-08
   7.80000E+03   2.26753E-08
   7.81000E+03   2.16237E-08
   7.82000E+03   2.05721E-08
   7.83000E+03   1.95205E-08
   7.84000E+03   1.84689E-08
   7.85000E+03   1.74173E-08
   7.86000E+03   1.63656E-08
   7.87000E+03   1.53140E-08
   7.88000E+03   1.42624E-08
   7.89000E+03   1.37001E-08
   7.90000E+03   1.30599E-08
   7.91000E+03   1.23418E-08
   7.92000E+03   1.11733E-08
   7.93000E+03   1.00049E-08
   7.94000E+03   8.83643E-09
   7.95000E+03   7.66797E-09
   7.96000E+03   6.49952E-09
   7.97000E+03   5.33107E-09
   7.98000E+03   4.16262E-09
   7.99000E+03   2.99416E-09
   8.00000E+03   1.82571E-09
