# Filter 313: Swift UVOT filter b [added Jan 2012 - via L.Lanz]
#  531 data points. Lines 216 to 746
   1.80000E+03   0.00000E+00
   1.81000E+03   0.00000E+00
   1.82000E+03   0.00000E+00
   1.83000E+03   0.00000E+00
   1.84000E+03   0.00000E+00
   1.85000E+03   0.00000E+00
   1.86000E+03   0.00000E+00
   1.87000E+03   0.00000E+00
   1.88000E+03   0.00000E+00
   1.89000E+03   0.00000E+00
   1.90000E+03   1.94722E-07
   1.91000E+03   1.45662E-07
   1.92000E+03   9.68428E-08
   1.93000E+03   4.82794E-08
   1.94000E+03   0.00000E+00
   1.95000E+03   0.00000E+00
   1.96000E+03   0.00000E+00
   1.97000E+03   0.00000E+00
   1.98000E+03   0.00000E+00
   1.99000E+03   0.00000E+00
   2.00000E+03   0.00000E+00
   2.01000E+03   0.00000E+00
   2.02000E+03   0.00000E+00
   2.03000E+03   9.35586E-08
   2.04000E+03   1.85208E-07
   2.05000E+03   1.57106E-07
   2.06000E+03   1.29547E-07
   2.07000E+03   1.02536E-07
   2.08000E+03   7.60758E-08
   2.09000E+03   5.01673E-08
   2.10000E+03   2.48097E-08
   2.11000E+03   0.00000E+00
   2.12000E+03   0.00000E+00
   2.13000E+03   0.00000E+00
   2.14000E+03   0.00000E+00
   2.15000E+03   0.00000E+00
   2.16000E+03   0.00000E+00
   2.17000E+03   0.00000E+00
   2.18000E+03   0.00000E+00
   2.19000E+03   0.00000E+00
   2.20000E+03   0.00000E+00
   2.21000E+03   0.00000E+00
   2.22000E+03   0.00000E+00
   2.23000E+03   0.00000E+00
   2.24000E+03   0.00000E+00
   2.25000E+03   0.00000E+00
   2.26000E+03   0.00000E+00
   2.27000E+03   0.00000E+00
   2.28000E+03   0.00000E+00
   2.29000E+03   0.00000E+00
   2.30000E+03   0.00000E+00
   2.31000E+03   0.00000E+00
   2.32000E+03   0.00000E+00
   2.33000E+03   0.00000E+00
   2.34000E+03   0.00000E+00
   2.35000E+03   0.00000E+00
   2.36000E+03   0.00000E+00
   2.37000E+03   0.00000E+00
   2.38000E+03   0.00000E+00
   2.39000E+03   0.00000E+00
   2.40000E+03   0.00000E+00
   2.41000E+03   0.00000E+00
   2.42000E+03   0.00000E+00
   2.43000E+03   0.00000E+00
   2.44000E+03   0.00000E+00
   2.45000E+03   0.00000E+00
   2.46000E+03   0.00000E+00
   2.47000E+03   0.00000E+00
   2.48000E+03   0.00000E+00
   2.49000E+03   0.00000E+00
   2.50000E+03   0.00000E+00
   2.51000E+03   0.00000E+00
   2.52000E+03   0.00000E+00
   2.53000E+03   0.00000E+00
   2.54000E+03   0.00000E+00
   2.55000E+03   0.00000E+00
   2.56000E+03   0.00000E+00
   2.57000E+03   0.00000E+00
   2.58000E+03   0.00000E+00
   2.59000E+03   0.00000E+00
   2.60000E+03   0.00000E+00
   2.61000E+03   0.00000E+00
   2.62000E+03   0.00000E+00
   2.63000E+03   0.00000E+00
   2.64000E+03   0.00000E+00
   2.65000E+03   0.00000E+00
   2.66000E+03   0.00000E+00
   2.67000E+03   0.00000E+00
   2.68000E+03   0.00000E+00
   2.69000E+03   0.00000E+00
   2.70000E+03   0.00000E+00
   2.71000E+03   0.00000E+00
   2.72000E+03   0.00000E+00
   2.73000E+03   0.00000E+00
   2.74000E+03   0.00000E+00
   2.75000E+03   0.00000E+00
   2.76000E+03   0.00000E+00
   2.77000E+03   0.00000E+00
   2.78000E+03   0.00000E+00
   2.79000E+03   0.00000E+00
   2.80000E+03   0.00000E+00
   2.81000E+03   0.00000E+00
   2.82000E+03   0.00000E+00
   2.83000E+03   0.00000E+00
   2.84000E+03   0.00000E+00
   2.85000E+03   0.00000E+00
   2.86000E+03   0.00000E+00
   2.87000E+03   0.00000E+00
   2.88000E+03   0.00000E+00
   2.89000E+03   0.00000E+00
   2.90000E+03   0.00000E+00
   2.91000E+03   0.00000E+00
   2.92000E+03   0.00000E+00
   2.93000E+03   0.00000E+00
   2.94000E+03   0.00000E+00
   2.95000E+03   0.00000E+00
   2.96000E+03   0.00000E+00
   2.97000E+03   0.00000E+00
   2.98000E+03   0.00000E+00
   2.99000E+03   0.00000E+00
   3.00000E+03   0.00000E+00
   3.01000E+03   0.00000E+00
   3.02000E+03   0.00000E+00
   3.03000E+03   0.00000E+00
   3.04000E+03   0.00000E+00
   3.05000E+03   0.00000E+00
   3.06000E+03   0.00000E+00
   3.07000E+03   0.00000E+00
   3.08000E+03   0.00000E+00
   3.09000E+03   0.00000E+00
   3.10000E+03   0.00000E+00
   3.11000E+03   0.00000E+00
   3.12000E+03   0.00000E+00
   3.13000E+03   0.00000E+00
   3.14000E+03   0.00000E+00
   3.15000E+03   0.00000E+00
   3.16000E+03   0.00000E+00
   3.17000E+03   0.00000E+00
   3.18000E+03   0.00000E+00
   3.19000E+03   0.00000E+00
   3.20000E+03   0.00000E+00
   3.21000E+03   0.00000E+00
   3.22000E+03   0.00000E+00
   3.23000E+03   0.00000E+00
   3.24000E+03   0.00000E+00
   3.25000E+03   0.00000E+00
   3.26000E+03   0.00000E+00
   3.27000E+03   0.00000E+00
   3.28000E+03   0.00000E+00
   3.29000E+03   0.00000E+00
   3.30000E+03   0.00000E+00
   3.31000E+03   0.00000E+00
   3.32000E+03   0.00000E+00
   3.33000E+03   0.00000E+00
   3.34000E+03   0.00000E+00
   3.35000E+03   0.00000E+00
   3.36000E+03   0.00000E+00
   3.37000E+03   0.00000E+00
   3.38000E+03   0.00000E+00
   3.39000E+03   0.00000E+00
   3.40000E+03   0.00000E+00
   3.41000E+03   0.00000E+00
   3.42000E+03   0.00000E+00
   3.43000E+03   0.00000E+00
   3.44000E+03   0.00000E+00
   3.45000E+03   5.11930E-08
   3.46000E+03   1.02526E-07
   3.47000E+03   1.54002E-07
   3.48000E+03   1.54218E-07
   3.49000E+03   1.54439E-07
   3.50000E+03   1.54662E-07
   3.51000E+03   3.09784E-07
   3.52000E+03   3.10250E-07
   3.53000E+03   4.66085E-07
   3.54000E+03   4.66803E-07
   3.55000E+03   6.23917E-07
   3.56000E+03   7.81801E-07
   3.57000E+03   9.40468E-07
   3.58000E+03   1.09992E-06
   3.59000E+03   1.41769E-06
   3.60000E+03   1.73705E-06
   3.61000E+03   2.05826E-06
   3.62000E+03   2.69866E-06
   3.63000E+03   3.34244E-06
   3.64000E+03   3.98965E-06
   3.65000E+03   4.79678E-06
   3.66000E+03   5.92746E-06
   3.67000E+03   7.06259E-06
   3.68000E+03   8.68470E-06
   3.69000E+03   1.04744E-05
   3.70000E+03   1.29170E-05
   3.71000E+03   1.60132E-05
   3.72000E+03   2.00927E-05
   3.73000E+03   2.54856E-05
   3.74000E+03   3.20364E-05
   3.75000E+03   3.96523E-05
   3.76000E+03   4.94490E-05
   3.77000E+03   6.20363E-05
   3.78000E+03   7.86488E-05
   3.79000E+03   9.92269E-05
   3.80000E+03   1.25133E-04
   3.81000E+03   1.57549E-04
   3.82000E+03   1.97000E-04
   3.83000E+03   2.42135E-04
   3.84000E+03   2.92401E-04
   3.85000E+03   3.50030E-04
   3.86000E+03   4.18803E-04
   3.87000E+03   4.99641E-04
   3.88000E+03   5.81873E-04
   3.89000E+03   6.44707E-04
   3.90000E+03   6.72564E-04
   3.91000E+03   6.74141E-04
   3.92000E+03   6.76273E-04
   3.93000E+03   7.02909E-04
   3.94000E+03   7.60518E-04
   3.95000E+03   8.38273E-04
   3.96000E+03   9.12649E-04
   3.97000E+03   9.59802E-04
   3.98000E+03   9.74630E-04
   3.99000E+03   9.75229E-04
   4.00000E+03   9.83037E-04
   4.01000E+03   1.00713E-03
   4.02000E+03   1.04050E-03
   4.03000E+03   1.06315E-03
   4.04000E+03   1.05621E-03
   4.05000E+03   1.02315E-03
   4.06000E+03   9.79011E-04
   4.07000E+03   9.47317E-04
   4.08000E+03   9.41570E-04
   4.09000E+03   9.63725E-04
   4.10000E+03   1.00407E-03
   4.11000E+03   1.04573E-03
   4.12000E+03   1.06816E-03
   4.13000E+03   1.06188E-03
   4.14000E+03   1.03346E-03
   4.15000E+03   9.95996E-04
   4.16000E+03   9.70928E-04
   4.17000E+03   9.68591E-04
   4.18000E+03   9.88127E-04
   4.19000E+03   1.02175E-03
   4.20000E+03   1.05807E-03
   4.21000E+03   1.08599E-03
   4.22000E+03   1.10169E-03
   4.23000E+03   1.10710E-03
   4.24000E+03   1.11038E-03
   4.25000E+03   1.12418E-03
   4.26000E+03   1.14392E-03
   4.27000E+03   1.16388E-03
   4.28000E+03   1.17489E-03
   4.29000E+03   1.16791E-03
   4.30000E+03   1.14096E-03
   4.31000E+03   1.10217E-03
   4.32000E+03   1.06491E-03
   4.33000E+03   1.04103E-03
   4.34000E+03   1.03670E-03
   4.35000E+03   1.04426E-03
   4.36000E+03   1.06722E-03
   4.37000E+03   1.09601E-03
   4.38000E+03   1.12002E-03
   4.39000E+03   1.13147E-03
   4.40000E+03   1.12821E-03
   4.41000E+03   1.11400E-03
   4.42000E+03   1.09519E-03
   4.43000E+03   1.07842E-03
   4.44000E+03   1.06699E-03
   4.45000E+03   1.06020E-03
   4.46000E+03   1.05410E-03
   4.47000E+03   1.04589E-03
   4.48000E+03   1.03334E-03
   4.49000E+03   1.01740E-03
   4.50000E+03   1.00029E-03
   4.51000E+03   9.85509E-04
   4.52000E+03   9.75938E-04
   4.53000E+03   9.72466E-04
   4.54000E+03   9.73684E-04
   4.55000E+03   9.85864E-04
   4.56000E+03   9.98006E-04
   4.57000E+03   1.00682E-03
   4.58000E+03   1.01108E-03
   4.59000E+03   1.01147E-03
   4.60000E+03   1.00847E-03
   4.61000E+03   1.00360E-03
   4.62000E+03   9.97381E-04
   4.63000E+03   9.91740E-04
   4.64000E+03   9.86781E-04
   4.65000E+03   9.69511E-04
   4.66000E+03   9.52997E-04
   4.67000E+03   9.38173E-04
   4.68000E+03   9.24229E-04
   4.69000E+03   9.10709E-04
   4.70000E+03   8.96667E-04
   4.71000E+03   8.80740E-04
   4.72000E+03   8.61495E-04
   4.73000E+03   8.38702E-04
   4.74000E+03   8.13217E-04
   4.75000E+03   7.97616E-04
   4.76000E+03   7.83433E-04
   4.77000E+03   7.73051E-04
   4.78000E+03   7.67765E-04
   4.79000E+03   7.67730E-04
   4.80000E+03   7.70714E-04
   4.81000E+03   7.73708E-04
   4.82000E+03   7.72804E-04
   4.83000E+03   7.60717E-04
   4.84000E+03   7.30616E-04
   4.85000E+03   6.78452E-04
   4.86000E+03   6.02272E-04
   4.87000E+03   5.07161E-04
   4.88000E+03   4.04946E-04
   4.89000E+03   3.09014E-04
   4.90000E+03   2.27736E-04
   4.91000E+03   1.63941E-04
   4.92000E+03   1.16546E-04
   4.93000E+03   8.29567E-05
   4.94000E+03   5.94140E-05
   4.95000E+03   4.23736E-05
   4.96000E+03   3.04845E-05
   4.97000E+03   2.21006E-05
   4.98000E+03   1.60718E-05
   4.99000E+03   1.18123E-05
   5.00000E+03   8.66922E-06
   5.01000E+03   6.44255E-06
   5.02000E+03   4.85127E-06
   5.03000E+03   3.71009E-06
   5.04000E+03   2.84005E-06
   5.05000E+03   2.15510E-06
   5.06000E+03   1.72718E-06
   5.07000E+03   1.38729E-06
   5.08000E+03   1.13351E-06
   5.09000E+03   9.63908E-07
   5.10000E+03   7.96866E-07
   5.11000E+03   7.11371E-07
   5.12000E+03   5.48775E-07
   5.13000E+03   4.66517E-07
   5.14000E+03   3.85551E-07
   5.15000E+03   3.84432E-07
   5.16000E+03   3.06652E-07
   5.17000E+03   2.29322E-07
   5.18000E+03   2.28655E-07
   5.19000E+03   1.51994E-07
   5.20000E+03   1.51553E-07
   5.21000E+03   1.51094E-07
   5.22000E+03   1.50637E-07
   5.23000E+03   7.50902E-08
   5.24000E+03   7.48633E-08
   5.25000E+03   7.39818E-08
   5.26000E+03   7.31016E-08
   5.27000E+03   7.22227E-08
   5.28000E+03   7.13451E-08
   5.29000E+03   7.04685E-08
   5.30000E+03   6.95934E-08
   5.31000E+03   6.87283E-08
   5.32000E+03   6.78642E-08
   5.33000E+03   6.70013E-08
   5.34000E+03   6.61391E-08
   5.35000E+03   6.56419E-08
   5.36000E+03   6.51454E-08
   5.37000E+03   6.46502E-08
   5.38000E+03   0.00000E+00
   5.39000E+03   0.00000E+00
   5.40000E+03   0.00000E+00
   5.41000E+03   0.00000E+00
   5.42000E+03   0.00000E+00
   5.43000E+03   0.00000E+00
   5.44000E+03   0.00000E+00
   5.45000E+03   0.00000E+00
   5.46000E+03   0.00000E+00
   5.47000E+03   0.00000E+00
   5.48000E+03   0.00000E+00
   5.49000E+03   0.00000E+00
   5.50000E+03   0.00000E+00
   5.51000E+03   0.00000E+00
   5.52000E+03   0.00000E+00
   5.53000E+03   0.00000E+00
   5.54000E+03   0.00000E+00
   5.55000E+03   0.00000E+00
   5.56000E+03   0.00000E+00
   5.57000E+03   0.00000E+00
   5.58000E+03   0.00000E+00
   5.59000E+03   0.00000E+00
   5.60000E+03   0.00000E+00
   5.61000E+03   0.00000E+00
   5.62000E+03   0.00000E+00
   5.63000E+03   0.00000E+00
   5.64000E+03   0.00000E+00
   5.65000E+03   0.00000E+00
   5.66000E+03   0.00000E+00
   5.67000E+03   0.00000E+00
   5.68000E+03   0.00000E+00
   5.69000E+03   0.00000E+00
   5.70000E+03   0.00000E+00
   5.71000E+03   0.00000E+00
   5.72000E+03   0.00000E+00
   5.73000E+03   0.00000E+00
   5.74000E+03   0.00000E+00
   5.75000E+03   0.00000E+00
   5.76000E+03   0.00000E+00
   5.77000E+03   0.00000E+00
   5.78000E+03   0.00000E+00
   5.79000E+03   0.00000E+00
   5.80000E+03   0.00000E+00
   5.81000E+03   0.00000E+00
   5.82000E+03   0.00000E+00
   5.83000E+03   0.00000E+00
   5.84000E+03   0.00000E+00
   5.85000E+03   0.00000E+00
   5.86000E+03   0.00000E+00
   5.87000E+03   0.00000E+00
   5.88000E+03   0.00000E+00
   5.89000E+03   0.00000E+00
   5.90000E+03   0.00000E+00
   5.91000E+03   0.00000E+00
   5.92000E+03   0.00000E+00
   5.93000E+03   0.00000E+00
   5.94000E+03   0.00000E+00
   5.95000E+03   0.00000E+00
   5.96000E+03   0.00000E+00
   5.97000E+03   0.00000E+00
   5.98000E+03   0.00000E+00
   5.99000E+03   0.00000E+00
   6.00000E+03   0.00000E+00
   6.01000E+03   0.00000E+00
   6.02000E+03   0.00000E+00
   6.03000E+03   0.00000E+00
   6.04000E+03   0.00000E+00
   6.05000E+03   0.00000E+00
   6.06000E+03   0.00000E+00
   6.07000E+03   0.00000E+00
   6.08000E+03   0.00000E+00
   6.09000E+03   0.00000E+00
   6.10000E+03   0.00000E+00
   6.11000E+03   0.00000E+00
   6.12000E+03   0.00000E+00
   6.13000E+03   0.00000E+00
   6.14000E+03   0.00000E+00
   6.15000E+03   0.00000E+00
   6.16000E+03   0.00000E+00
   6.17000E+03   0.00000E+00
   6.18000E+03   0.00000E+00
   6.19000E+03   0.00000E+00
   6.20000E+03   0.00000E+00
   6.21000E+03   0.00000E+00
   6.22000E+03   0.00000E+00
   6.23000E+03   3.16157E-08
   6.24000E+03   0.00000E+00
   6.25000E+03   3.09791E-08
   6.26000E+03   3.06609E-08
   6.27000E+03   3.03426E-08
   6.28000E+03   3.00243E-08
   6.29000E+03   0.00000E+00
   6.30000E+03   0.00000E+00
   6.31000E+03   2.90695E-08
   6.32000E+03   0.00000E+00
   6.33000E+03   0.00000E+00
   6.34000E+03   0.00000E+00
   6.35000E+03   0.00000E+00
   6.36000E+03   0.00000E+00
   6.37000E+03   0.00000E+00
   6.38000E+03   0.00000E+00
   6.39000E+03   0.00000E+00
   6.40000E+03   0.00000E+00
   6.41000E+03   0.00000E+00
   6.42000E+03   0.00000E+00
   6.43000E+03   0.00000E+00
   6.44000E+03   0.00000E+00
   6.45000E+03   0.00000E+00
   6.46000E+03   0.00000E+00
   6.47000E+03   0.00000E+00
   6.48000E+03   0.00000E+00
   6.49000E+03   0.00000E+00
   6.50000E+03   0.00000E+00
   6.51000E+03   0.00000E+00
   6.52000E+03   0.00000E+00
   6.53000E+03   0.00000E+00
   6.54000E+03   0.00000E+00
   6.55000E+03   0.00000E+00
   6.56000E+03   0.00000E+00
   6.57000E+03   0.00000E+00
   6.58000E+03   0.00000E+00
   6.59000E+03   0.00000E+00
   6.60000E+03   0.00000E+00
   6.61000E+03   0.00000E+00
   6.62000E+03   2.02906E-08
   6.63000E+03   2.00217E-08
   6.64000E+03   3.95058E-08
   6.65000E+03   3.89679E-08
   6.66000E+03   1.92151E-08
   6.67000E+03   1.89463E-08
   6.68000E+03   0.00000E+00
   6.69000E+03   0.00000E+00
   6.70000E+03   0.00000E+00
   6.71000E+03   0.00000E+00
   6.72000E+03   0.00000E+00
   6.73000E+03   0.00000E+00
   6.74000E+03   0.00000E+00
   6.75000E+03   0.00000E+00
   6.76000E+03   0.00000E+00
   6.77000E+03   0.00000E+00
   6.78000E+03   0.00000E+00
   6.79000E+03   0.00000E+00
   6.80000E+03   0.00000E+00
   6.81000E+03   0.00000E+00
   6.82000E+03   0.00000E+00
   6.83000E+03   0.00000E+00
   6.84000E+03   0.00000E+00
   6.85000E+03   0.00000E+00
   6.86000E+03   0.00000E+00
   6.87000E+03   0.00000E+00
   6.88000E+03   0.00000E+00
   6.89000E+03   0.00000E+00
   6.90000E+03   0.00000E+00
   6.91000E+03   0.00000E+00
   6.92000E+03   0.00000E+00
   6.93000E+03   0.00000E+00
   6.94000E+03   0.00000E+00
   6.95000E+03   0.00000E+00
   6.96000E+03   0.00000E+00
   6.97000E+03   1.08807E-08
   6.98000E+03   1.06119E-08
   6.99000E+03   0.00000E+00
   7.00000E+03   1.00742E-08
   7.01000E+03   0.00000E+00
   7.02000E+03   0.00000E+00
   7.03000E+03   0.00000E+00
   7.04000E+03   0.00000E+00
   7.05000E+03   0.00000E+00
   7.06000E+03   0.00000E+00
   7.07000E+03   0.00000E+00
   7.08000E+03   0.00000E+00
   7.09000E+03   0.00000E+00
   7.10000E+03   0.00000E+00
