# Filter 367: HAWKI-Y @1.021um [added June 2013 - via M.Maseda]
#  350 data points. Lines   3 to 352
   6.51348E+03  -1.56567E-04
   6.53346E+03   3.42390E-04
   6.55344E+03  -9.15306E-04
   6.57342E+03   2.72489E-04
   6.59340E+03  -2.43922E-04
   6.61338E+03   1.55550E-04
   6.63336E+03  -3.55422E-04
   6.65334E+03  -3.95000E-06
   6.67332E+03   6.82000E-05
   6.69330E+03  -3.33000E-05
   6.71328E+03   5.68743E-04
   6.73326E+03   1.89000E-05
   6.75324E+03  -1.23457E-04
   6.77322E+03   4.76361E-04
   6.79320E+03  -1.65452E-04
   6.81318E+03  -5.33262E-04
   6.83316E+03  -2.00392E-04
   6.85314E+03  -9.78000E-05
   6.87312E+03   2.90597E-04
   6.89310E+03  -2.88378E-04
   6.91308E+03   4.54456E-04
   6.93306E+03   1.69140E-04
   6.95304E+03   2.84970E-04
   6.97302E+03   4.59800E-04
   6.99300E+03  -2.38000E-06
   7.01298E+03  -5.99000E-05
   7.03296E+03   4.59993E-04
   7.05294E+03  -5.42392E-04
   7.07292E+03   1.80555E-04
   7.09290E+03   1.29584E-04
   7.11288E+03  -9.93000E-05
   7.13286E+03  -5.76341E-04
   7.15284E+03   7.98146E-04
   7.17282E+03  -4.94286E-04
   7.19280E+03  -1.38000E-05
   7.21278E+03   3.43389E-04
   7.23276E+03   6.63146E-04
   7.25274E+03   4.20547E-04
   7.27272E+03  -5.16613E-04
   7.29270E+03  -1.46480E-04
   7.31268E+03   1.34179E-03
   7.33266E+03  -5.03897E-04
   7.35264E+03   7.65000E-06
   7.37262E+03  -2.27345E-04
   7.39260E+03   7.20159E-04
   7.41258E+03   9.29305E-04
   7.43256E+03   1.67988E-04
   7.45254E+03   2.38783E-04
   7.47252E+03   1.08000E-05
   7.49250E+03   8.35000E-05
   7.51248E+03   1.52818E-04
   7.53246E+03   4.65049E-04
   7.55244E+03  -1.15674E-04
   7.57242E+03   2.52764E-04
   7.59240E+03   5.43433E-04
   7.61238E+03   2.66334E-04
   7.63236E+03  -8.07000E-05
   7.65234E+03  -1.81900E-04
   7.67232E+03   1.89048E-04
   7.69230E+03  -3.20586E-04
   7.71228E+03  -2.54000E-05
   7.73226E+03   4.34000E-05
   7.75224E+03  -1.74221E-04
   7.77222E+03  -4.20284E-04
   7.79220E+03   2.01156E-04
   7.81218E+03   3.95039E-04
   7.83216E+03  -4.34797E-04
   7.85214E+03  -8.99000E-07
   7.87212E+03   6.09000E-06
   7.89210E+03   4.35328E-04
   7.91208E+03  -5.81920E-04
   7.93206E+03   4.78566E-04
   7.95204E+03   3.74317E-04
   7.97202E+03  -7.37000E-05
   7.99200E+03   2.33260E-04
   8.01198E+03   8.03148E-04
   8.03196E+03   2.90905E-04
   8.05194E+03   3.82032E-04
   8.07192E+03  -2.99604E-04
   8.09190E+03  -2.74938E-04
   8.11188E+03   1.17885E-04
   8.13186E+03  -5.18809E-04
   8.15184E+03   8.05000E-05
   8.17182E+03  -3.41177E-04
   8.19180E+03   8.40284E-04
   8.21178E+03   3.35201E-04
   8.23176E+03   4.66244E-04
   8.25174E+03  -3.10264E-04
   8.27172E+03   5.40799E-04
   8.29170E+03  -1.35788E-02
   8.31168E+03   1.59513E-03
   8.33166E+03  -3.62708E-03
   8.35164E+03  -1.06217E-02
   8.37162E+03  -7.18092E-03
   8.39160E+03  -7.85010E-03
   8.41158E+03  -8.50433E-03
   8.43156E+03  -9.68853E-03
   8.45154E+03  -3.82730E-03
   8.47152E+03  -6.03636E-03
   8.49150E+03  -5.04236E-03
   8.51148E+03  -1.28589E-02
   8.53146E+03  -9.14897E-03
   8.55144E+03  -7.02908E-03
   8.57142E+03  -7.49288E-03
   8.59140E+03  -7.47087E-03
   8.61138E+03  -5.75342E-03
   8.63136E+03  -6.25691E-03
   8.65134E+03  -7.74392E-03
   8.67132E+03  -1.02771E-02
   8.69130E+03  -1.55992E-02
   8.71128E+03   4.58545E-03
   8.73126E+03  -3.98448E-03
   8.75124E+03  -7.73803E-03
   8.77122E+03  -7.55422E-03
   8.79120E+03  -1.19647E-03
   8.81118E+03  -6.05632E-03
   8.83116E+03  -1.29175E-02
   8.85114E+03  -1.04872E-02
   8.87112E+03  -1.82225E-02
   8.89110E+03   8.62438E-04
   8.91108E+03  -7.49486E-03
   8.93106E+03  -3.01509E-03
   8.95104E+03  -6.51552E-03
   8.97102E+03  -7.57702E-03
   8.99100E+03  -9.99994E-03
   9.01098E+03  -5.02493E-03
   9.03096E+03  -6.83247E-03
   9.05094E+03  -5.29239E-03
   9.07092E+03  -9.36973E-03
   9.09090E+03  -8.21224E-03
   9.11088E+03  -8.24261E-03
   9.13086E+03  -1.38251E-02
   9.15084E+03  -2.70595E-03
   9.17082E+03  -1.03182E-02
   9.19080E+03  -5.35370E-03
   9.21078E+03  -5.13176E-03
   9.23076E+03  -6.93608E-03
   9.25074E+03   2.07287E-03
   9.27072E+03   1.87194E-02
   9.29070E+03   2.30622E-02
   9.31068E+03   1.12613E-02
   9.33066E+03   8.73529E-03
   9.35064E+03   1.00118E-02
   9.37062E+03   1.41168E-02
   9.39060E+03   3.37843E-02
   9.41058E+03   6.08785E-02
   9.43056E+03   1.30903E-01
   9.45054E+03   2.81997E-01
   9.47052E+03   5.63564E-01
   9.49050E+03   9.70407E-01
   9.51048E+03   1.35416E+00
   9.53046E+03   1.59897E+00
   9.55044E+03   1.76564E+00
   9.57042E+03   2.05953E+00
   9.59040E+03   2.71494E+00
   9.61038E+03   4.08705E+00
   9.63036E+03   7.20852E+00
   9.65034E+03   1.40830E+01
   9.67032E+03   2.81585E+01
   9.69030E+03   4.98987E+01
   9.71028E+03   7.04989E+01
   9.73026E+03   8.29993E+01
   9.75024E+03   8.91626E+01
   9.77022E+03   9.17341E+01
   9.79020E+03   9.26848E+01
   9.81018E+03   9.29649E+01
   9.83016E+03   9.29859E+01
   9.85014E+03   9.26238E+01
   9.87012E+03   9.18669E+01
   9.89010E+03   9.11761E+01
   9.91008E+03   9.09313E+01
   9.93006E+03   9.13184E+01
   9.95004E+03   9.19925E+01
   9.97002E+03   9.24966E+01
   9.99000E+03   9.26261E+01
   1.00100E+04   9.23420E+01
   1.00300E+04   9.19963E+01
   1.00499E+04   9.16932E+01
   1.00699E+04   9.15304E+01
   1.00899E+04   9.14267E+01
   1.01099E+04   9.12611E+01
   1.01299E+04   9.11518E+01
   1.01498E+04   9.12344E+01
   1.01698E+04   9.16392E+01
   1.01898E+04   9.22408E+01
   1.02098E+04   9.27029E+01
   1.02298E+04   9.28726E+01
   1.02497E+04   9.26878E+01
   1.02697E+04   9.24022E+01
   1.02897E+04   9.23831E+01
   1.03097E+04   9.27312E+01
   1.03297E+04   9.33224E+01
   1.03496E+04   9.36957E+01
   1.03696E+04   9.35638E+01
   1.03896E+04   9.29452E+01
   1.04096E+04   9.22064E+01
   1.04296E+04   9.17741E+01
   1.04495E+04   9.18433E+01
   1.04695E+04   9.23855E+01
   1.04895E+04   9.29509E+01
   1.05095E+04   9.31529E+01
   1.05295E+04   9.28094E+01
   1.05494E+04   9.19312E+01
   1.05694E+04   9.06353E+01
   1.05894E+04   8.88201E+01
   1.06094E+04   8.58619E+01
   1.06294E+04   8.10497E+01
   1.06493E+04   7.39769E+01
   1.06693E+04   6.45160E+01
   1.06893E+04   5.34389E+01
   1.07093E+04   4.20575E+01
   1.07293E+04   3.17385E+01
   1.07492E+04   2.35338E+01
   1.07692E+04   1.76229E+01
   1.07892E+04   1.33493E+01
   1.08092E+04   1.03533E+01
   1.08292E+04   8.18305E+00
   1.08491E+04   6.58567E+00
   1.08691E+04   5.32021E+00
   1.08891E+04   4.23913E+00
   1.09091E+04   3.31767E+00
   1.09291E+04   2.55005E+00
   1.09490E+04   1.92951E+00
   1.09690E+04   1.46477E+00
   1.09890E+04   1.11845E+00
   1.10090E+04   8.79506E-01
   1.10290E+04   7.16608E-01
   1.10489E+04   6.14790E-01
   1.10689E+04   5.45695E-01
   1.10889E+04   4.98980E-01
   1.11089E+04   4.65863E-01
   1.11289E+04   4.41258E-01
   1.11488E+04   4.10765E-01
   1.11688E+04   3.64720E-01
   1.11888E+04   3.03124E-01
   1.12088E+04   2.41136E-01
   1.12288E+04   1.81151E-01
   1.12487E+04   1.31206E-01
   1.12687E+04   9.47138E-02
   1.12887E+04   7.64125E-02
   1.13087E+04   5.62175E-02
   1.13287E+04   4.67777E-02
   1.13486E+04   3.91710E-02
   1.13686E+04   2.96843E-02
   1.13886E+04   3.51204E-02
   1.14086E+04   2.83211E-02
   1.14286E+04   3.01731E-02
   1.14485E+04   3.20310E-02
   1.14685E+04   3.08059E-02
   1.14885E+04   3.26246E-02
   1.15085E+04   3.60516E-02
   1.15285E+04   3.81873E-02
   1.15484E+04   3.37413E-02
   1.15684E+04   2.79457E-02
   1.15884E+04   2.17089E-02
   1.16084E+04   1.41094E-02
   1.16284E+04   1.05412E-02
   1.16483E+04   1.00605E-02
   1.16683E+04  -2.72839E-03
   1.16883E+04   1.37066E-02
   1.17083E+04   2.47368E-03
   1.17283E+04   2.14433E-03
   1.17482E+04   4.58240E-03
   1.17682E+04   3.87191E-03
   1.17882E+04   6.11990E-03
   1.18082E+04  -4.21204E-03
   1.18282E+04   1.12972E-02
   1.18481E+04  -2.48192E-03
   1.18681E+04   1.93458E-02
   1.18881E+04   7.09240E-03
   1.19081E+04   1.09095E-02
   1.19281E+04   1.62673E-02
   1.19480E+04   1.30339E-02
   1.19680E+04   4.40850E-03
   1.19880E+04   2.51759E-03
   1.20080E+04  -2.16211E-03
   1.20280E+04  -1.37939E-03
   1.20479E+04  -5.38457E-03
   1.20679E+04   2.63114E-03
   1.20879E+04  -1.20849E-03
   1.21079E+04   1.10588E-03
   1.21279E+04   1.68651E-03
   1.21478E+04  -8.86102E-03
   1.21678E+04  -3.67393E-03
   1.21878E+04  -6.91140E-03
   1.22078E+04  -4.44713E-03
   1.22278E+04  -4.83540E-03
   1.22477E+04  -8.82619E-03
   1.22677E+04   2.98984E-03
   1.22877E+04   5.26446E-04
   1.23077E+04  -8.43909E-03
   1.23277E+04  -3.13567E-03
   1.23476E+04  -3.86325E-03
   1.23676E+04   3.38621E-03
   1.23876E+04   2.43403E-03
   1.24076E+04  -1.02391E-03
   1.24276E+04  -1.13045E-02
   1.24475E+04   3.74146E-03
   1.24675E+04  -4.08371E-03
   1.24875E+04  -6.58067E-03
   1.25075E+04  -5.02113E-03
   1.25275E+04  -1.09085E-02
   1.25474E+04  -3.69672E-03
   1.25674E+04  -4.28612E-03
   1.25874E+04  -5.56415E-03
   1.26074E+04  -2.55385E-03
   1.26274E+04  -9.95694E-03
   1.26473E+04  -4.85183E-03
   1.26673E+04  -4.96326E-03
   1.26873E+04  -4.78844E-03
   1.27073E+04  -6.69970E-03
   1.27273E+04  -4.85390E-03
   1.27472E+04  -4.46149E-03
   1.27672E+04   1.27758E-03
   1.27872E+04  -7.42567E-03
   1.28072E+04  -6.37870E-03
   1.28272E+04   1.60872E-03
   1.28471E+04  -8.17940E-03
   1.28671E+04   8.54789E-03
   1.28871E+04  -4.85934E-03
   1.29071E+04  -5.41375E-03
   1.29271E+04  -1.88750E-03
   1.29470E+04  -8.31886E-03
   1.29670E+04  -8.00336E-03
   1.29870E+04  -1.95123E-03
   1.30070E+04  -1.05340E-02
   1.30270E+04  -8.40168E-03
   1.30469E+04  -2.52506E-03
   1.30669E+04  -1.24877E-02
   1.30869E+04  -1.46348E-04
   1.31069E+04  -1.20555E-02
   1.31269E+04   1.04561E-03
   1.31468E+04  -2.43135E-03
   1.31668E+04   1.36844E-03
   1.31868E+04  -5.48248E-03
   1.32068E+04  -7.86472E-03
   1.32268E+04   1.14937E-03
   1.32467E+04  -6.71552E-03
   1.32667E+04  -2.98793E-03
   1.32867E+04  -3.00571E-04
   1.33067E+04  -1.14208E-03
   1.33267E+04   4.33896E-03
   1.33466E+04   8.19876E-03
   1.33666E+04   1.27043E-02
   1.33866E+04   1.72719E-02
   1.34066E+04   1.66292E-02
   1.34266E+04   8.26814E-03
   1.34465E+04   6.56406E-03
   1.34665E+04   2.11627E-03
   1.34865E+04  -1.83374E-03

