# Filter 127: ACS F850LP filter
#  402 data points. Lines 787 to1188
   3.99950E+03   0.00000E+00
   4.01700E+03   1.42683E-07
   4.03450E+03   1.41752E-07
   4.05200E+03   1.40314E-07
   4.06950E+03   1.38650E-07
   4.08700E+03   1.37033E-07
   4.10450E+03   1.35060E-07
   4.12200E+03   1.32885E-07
   4.13950E+03   1.30365E-07
   4.15700E+03   1.28108E-07
   4.17450E+03   1.25414E-07
   4.19200E+03   1.22722E-07
   4.20950E+03   1.19495E-07
   4.22700E+03   1.16210E-07
   4.24450E+03   1.12657E-07
   4.26200E+03   1.09077E-07
   4.27950E+03   1.05518E-07
   4.29700E+03   1.01772E-07
   4.31450E+03   9.80540E-08
   4.33200E+03   9.42940E-08
   4.34950E+03   9.04570E-08
   4.36700E+03   8.65360E-08
   4.38450E+03   8.26440E-08
   4.40200E+03   7.86220E-08
   4.41950E+03   7.47140E-08
   4.43700E+03   7.05940E-08
   4.45450E+03   6.66210E-08
   4.47200E+03   6.26290E-08
   4.48950E+03   5.85500E-08
   4.50700E+03   5.58110E-08
   4.52450E+03   5.50340E-08
   4.54200E+03   5.42600E-08
   4.55950E+03   5.34330E-08
   4.57700E+03   5.26690E-08
   4.59450E+03   5.18670E-08
   4.61200E+03   5.11020E-08
   4.62950E+03   5.03360E-08
   4.64700E+03   4.95460E-08
   4.66450E+03   4.87960E-08
   4.68200E+03   4.80490E-08
   4.69950E+03   4.73070E-08
   4.71700E+03   4.65560E-08
   4.73450E+03   4.58170E-08
   4.75200E+03   4.50560E-08
   4.76950E+03   4.43460E-08
   4.78700E+03   4.36370E-08
   4.80450E+03   4.29170E-08
   4.82200E+03   4.22350E-08
   4.83950E+03   4.15840E-08
   4.85700E+03   4.08490E-08
   4.87450E+03   4.01850E-08
   4.89200E+03   3.94900E-08
   4.90950E+03   3.88240E-08
   4.92700E+03   3.81620E-08
   4.94450E+03   3.75270E-08
   4.96200E+03   3.68450E-08
   4.97950E+03   3.62170E-08
   4.99700E+03   3.55670E-08
   5.01450E+03   3.53920E-08
   5.03200E+03   3.53170E-08
   5.04950E+03   3.52610E-08
   5.06700E+03   3.51960E-08
   5.08450E+03   3.51100E-08
   5.10200E+03   3.50570E-08
   5.11950E+03   3.50250E-08
   5.13700E+03   3.49920E-08
   5.15450E+03   3.49340E-08
   5.17200E+03   3.48880E-08
   5.18950E+03   3.48520E-08
   5.20700E+03   3.47990E-08
   5.22450E+03   3.47720E-08
   5.24200E+03   3.47110E-08
   5.25950E+03   3.46820E-08
   5.27700E+03   3.46500E-08
   5.29450E+03   3.45780E-08
   5.31200E+03   3.45230E-08
   5.32950E+03   3.44720E-08
   5.34700E+03   3.44220E-08
   5.36450E+03   3.43650E-08
   5.38200E+03   3.43070E-08
   5.39950E+03   3.42440E-08
   5.41700E+03   3.42080E-08
   5.43450E+03   3.41420E-08
   5.45200E+03   3.40770E-08
   5.46950E+03   3.40030E-08
   5.48700E+03   3.39320E-08
   5.50450E+03   3.41000E-08
   5.52200E+03   3.50050E-08
   5.53950E+03   3.59160E-08
   5.55700E+03   3.68230E-08
   5.57450E+03   3.77140E-08
   5.59200E+03   3.85990E-08
   5.60950E+03   3.95430E-08
   5.62700E+03   4.04780E-08
   5.64450E+03   4.14020E-08
   5.66200E+03   4.23360E-08
   5.67950E+03   4.33010E-08
   5.69700E+03   4.42820E-08
   5.71450E+03   4.52720E-08
   5.73200E+03   4.61750E-08
   5.74950E+03   4.71120E-08
   5.76700E+03   4.81130E-08
   5.78450E+03   4.91160E-08
   5.80200E+03   5.01020E-08
   5.81950E+03   5.10860E-08
   5.83700E+03   5.20860E-08
   5.85450E+03   5.30610E-08
   5.87200E+03   5.40800E-08
   5.88950E+03   5.50820E-08
   5.90700E+03   5.61390E-08
   5.92450E+03   5.71480E-08
   5.94200E+03   5.82250E-08
   5.95950E+03   5.92920E-08
   5.97700E+03   6.04120E-08
   5.99450E+03   6.14570E-08
   6.01200E+03   6.17230E-08
   6.02950E+03   6.16130E-08
   6.04700E+03   6.15470E-08
   6.06450E+03   6.14340E-08
   6.08200E+03   6.13120E-08
   6.09950E+03   6.12150E-08
   6.11700E+03   6.11200E-08
   6.13450E+03   6.10290E-08
   6.15200E+03   6.09360E-08
   6.16950E+03   6.08320E-08
   6.18700E+03   6.07480E-08
   6.20450E+03   6.06390E-08
   6.22200E+03   6.04530E-08
   6.23950E+03   6.03050E-08
   6.25700E+03   6.01470E-08
   6.27450E+03   6.00180E-08
   6.29200E+03   5.98570E-08
   6.30950E+03   5.96730E-08
   6.32700E+03   5.95510E-08
   6.34450E+03   5.94060E-08
   6.36200E+03   5.92270E-08
   6.37950E+03   5.91010E-08
   6.39700E+03   5.89440E-08
   6.41450E+03   5.87710E-08
   6.43200E+03   5.85480E-08
   6.44950E+03   5.83260E-08
   6.46700E+03   5.80800E-08
   6.48450E+03   5.78450E-08
   6.50200E+03   5.77130E-08
   6.51950E+03   5.85100E-08
   6.53700E+03   5.92290E-08
   6.55450E+03   6.00720E-08
   6.57200E+03   6.08640E-08
   6.58950E+03   6.16250E-08
   6.60700E+03   6.24170E-08
   6.62450E+03   6.31730E-08
   6.64200E+03   6.39460E-08
   6.65950E+03   6.46830E-08
   6.67700E+03   6.54650E-08
   6.69450E+03   6.62620E-08
   6.71200E+03   6.70060E-08
   6.72950E+03   6.78290E-08
   6.74700E+03   6.85350E-08
   6.76450E+03   6.93050E-08
   6.78200E+03   7.00310E-08
   6.79950E+03   7.07680E-08
   6.81700E+03   7.14500E-08
   6.83450E+03   7.21870E-08
   6.85200E+03   7.28530E-08
   6.86950E+03   7.36140E-08
   6.88700E+03   7.43310E-08
   6.90450E+03   7.50110E-08
   6.92200E+03   7.58090E-08
   6.93950E+03   7.64460E-08
   6.95700E+03   7.71190E-08
   6.97450E+03   7.77100E-08
   6.99200E+03   7.84670E-08
   7.00950E+03   1.06535E-07
   7.02700E+03   1.57618E-07
   7.04450E+03   2.08571E-07
   7.06200E+03   2.59191E-07
   7.07950E+03   3.09588E-07
   7.09700E+03   3.59774E-07
   7.11450E+03   4.09584E-07
   7.13200E+03   4.59770E-07
   7.14950E+03   5.09275E-07
   7.16700E+03   5.58611E-07
   7.18450E+03   6.07970E-07
   7.20200E+03   6.56915E-07
   7.21950E+03   7.04821E-07
   7.23700E+03   7.52381E-07
   7.25450E+03   7.99968E-07
   7.27200E+03   8.47162E-07
   7.28950E+03   8.93542E-07
   7.30700E+03   9.39844E-07
   7.32450E+03   9.86477E-07
   7.34200E+03   1.03261E-06
   7.35950E+03   1.07824E-06
   7.37700E+03   1.12441E-06
   7.39450E+03   1.16935E-06
   7.41200E+03   1.21272E-06
   7.42950E+03   1.25665E-06
   7.44700E+03   1.29939E-06
   7.46450E+03   1.34199E-06
   7.48200E+03   1.38452E-06
   7.49950E+03   1.70010E-06
   7.51700E+03   2.24203E-06
   7.53450E+03   2.78124E-06
   7.55200E+03   3.31585E-06
   7.56950E+03   3.84395E-06
   7.58700E+03   4.36732E-06
   7.60450E+03   5.09743E-06
   7.62200E+03   6.42237E-06
   7.63950E+03   7.73986E-06
   7.65700E+03   9.63433E-06
   7.67450E+03   1.15298E-05
   7.69200E+03   1.49160E-05
   7.70950E+03   1.89691E-05
   7.72700E+03   2.42300E-05
   7.74450E+03   3.13560E-05
   7.76200E+03   3.91383E-05
   7.77950E+03   5.23964E-05
   7.79700E+03   6.56392E-05
   7.81450E+03   8.98257E-05
   7.83200E+03   1.15861E-04
   7.84950E+03   1.56203E-04
   7.86700E+03   2.07844E-04
   7.88450E+03   2.72562E-04
   7.90200E+03   3.75356E-04
   7.91950E+03   4.76302E-04
   7.93700E+03   6.80385E-04
   7.95450E+03   8.83080E-04
   7.97200E+03   1.24176E-03
   7.98950E+03   1.67537E-03
   8.00700E+03   2.66709E-03
   8.02450E+03   3.83733E-03
   8.04200E+03   5.19301E-03
   8.05950E+03   6.90756E-03
   8.07700E+03   9.12878E-03
   8.09450E+03   1.24659E-02
   8.11200E+03   1.65687E-02
   8.12950E+03   2.13770E-02
   8.14700E+03   2.69976E-02
   8.16450E+03   3.41454E-02
   8.18200E+03   4.21114E-02
   8.19950E+03   5.14730E-02
   8.21700E+03   6.15002E-02
   8.23450E+03   7.26184E-02
   8.25200E+03   8.33891E-02
   8.26950E+03   9.78874E-02
   8.28700E+03   1.10917E-01
   8.30450E+03   1.25327E-01
   8.32200E+03   1.35219E-01
   8.33950E+03   1.51582E-01
   8.35700E+03   1.62711E-01
   8.37450E+03   1.76475E-01
   8.39200E+03   1.85771E-01
   8.40950E+03   1.98084E-01
   8.42700E+03   2.00936E-01
   8.44450E+03   2.12571E-01
   8.46200E+03   2.15706E-01
   8.47950E+03   2.24710E-01
   8.49700E+03   2.29582E-01
   8.51450E+03   2.34121E-01
   8.53200E+03   2.38076E-01
   8.54950E+03   2.40634E-01
   8.56700E+03   2.42066E-01
   8.58450E+03   2.43678E-01
   8.60200E+03   2.44905E-01
   8.61950E+03   2.45713E-01
   8.63700E+03   2.43366E-01
   8.65450E+03   2.44793E-01
   8.67200E+03   2.44616E-01
   8.68950E+03   2.43843E-01
   8.70700E+03   2.42959E-01
   8.72450E+03   2.40867E-01
   8.74200E+03   2.39225E-01
   8.75950E+03   2.37629E-01
   8.77700E+03   2.36259E-01
   8.79450E+03   2.34652E-01
   8.81200E+03   2.32136E-01
   8.82950E+03   2.28150E-01
   8.84700E+03   2.27635E-01
   8.86450E+03   2.25815E-01
   8.88200E+03   2.23423E-01
   8.89950E+03   2.21311E-01
   8.91700E+03   2.17801E-01
   8.93450E+03   2.16252E-01
   8.95200E+03   2.13690E-01
   8.96950E+03   2.11248E-01
   8.98700E+03   2.08820E-01
   9.00450E+03   2.06599E-01
   9.02200E+03   2.03134E-01
   9.03950E+03   2.00419E-01
   9.05700E+03   1.97948E-01
   9.07450E+03   1.95338E-01
   9.09200E+03   1.93096E-01
   9.10950E+03   1.90654E-01
   9.12700E+03   1.87974E-01
   9.14450E+03   1.84724E-01
   9.16200E+03   1.82495E-01
   9.17950E+03   1.79008E-01
   9.19700E+03   1.76709E-01
   9.21450E+03   1.74304E-01
   9.23200E+03   1.71965E-01
   9.24950E+03   1.69490E-01
   9.26700E+03   1.67006E-01
   9.28450E+03   1.64796E-01
   9.30200E+03   1.62408E-01
   9.31950E+03   1.58924E-01
   9.33700E+03   1.57055E-01
   9.35450E+03   1.54218E-01
   9.37200E+03   1.51769E-01
   9.38950E+03   1.49074E-01
   9.40700E+03   1.45923E-01
   9.42450E+03   1.43079E-01
   9.44200E+03   1.40693E-01
   9.45950E+03   1.37656E-01
   9.47700E+03   1.35320E-01
   9.49450E+03   1.32609E-01
   9.51200E+03   1.29282E-01
   9.52950E+03   1.25985E-01
   9.54700E+03   1.23225E-01
   9.56450E+03   1.21294E-01
   9.58200E+03   1.19182E-01
   9.59950E+03   1.16216E-01
   9.61700E+03   1.13406E-01
   9.63450E+03   1.10847E-01
   9.65200E+03   1.08345E-01
   9.66950E+03   1.05652E-01
   9.68700E+03   1.02725E-01
   9.70450E+03   9.99729E-02
   9.72200E+03   9.74566E-02
   9.73950E+03   9.49423E-02
   9.75700E+03   9.21950E-02
   9.77450E+03   8.94279E-02
   9.79200E+03   8.68008E-02
   9.80950E+03   8.45777E-02
   9.82700E+03   8.24869E-02
   9.84450E+03   8.00877E-02
   9.86200E+03   7.77380E-02
   9.87950E+03   7.56809E-02
   9.89700E+03   7.35908E-02
   9.91450E+03   7.12750E-02
   9.93200E+03   6.89547E-02
   9.94950E+03   6.67967E-02
   9.96700E+03   6.47557E-02
   9.98450E+03   6.26141E-02
   1.00020E+04   6.02827E-02
   1.00195E+04   5.84161E-02
   1.00370E+04   5.68392E-02
   1.00545E+04   5.52431E-02
